chi2 A omega phi0 
22.31276863053627 0.08440764625800812 0.005252178393815271 1.2353685775650882
6.186129812674543 -0.06480656356191716 0.005574933539243789 2.251235602786611
72.5294822815199 0.158863627976 0.010606581064042357 0.19533727265273254
399.74524673648153 0.46100799361599054 0.002678846235743007 1.0672611284370954
16.24690838246623 0.11306423452390929 0.007175721978076952 1.6319348185084561
2.060169463235973 0.05826621694780865 0.0030124384278863545 4.950248851969399
91.07038386768346 0.2824075966772801 0.004238304820687432 0.7292935921021501
394.24203345740784 -0.2585412369752986 0.009575452977342608 1.4617284154293455
21.16471698022799 -0.08086375234568818 0.0025481494594551705 1.4347814342739176
460.88917724279594 0.5610636207046902 0.015828008866785162 1.7733040475204145
370.68109374882783 -0.4334587499537401 0.0027920816833246933 1.4018877468913058
65.34164928788495 -0.1715252234073264 0.005553728978649279 0.562253611776599
131.98745763028825 -0.4018967076945782 0.003919791629689528 1.6342531331628318
120.69128027448886 0.33815606092440487 0.003372448871817119 1.9215384301841714
346.7218790298089 -0.5222719999763669 0.0045980638698970636 4.363571303794322
64.26986923467763 0.2385799816062033 0.0032683044982871057 1.8878488634990067
15.846405764642368 0.08759160695181875 0.002096106412164017 6.257392330316797
146.12694255849104 0.3622487700315179 0.007753216035386319 0.32460595623678856
7.2744149528345226 0.04781304272490547 0.009996220603702283 0.8445695922215832
9.457034525813109 0.07034612358206663 0.008601097966619392 5.663665684382895
427.98171644867534 -0.45275029012572526 0.002607796769657287 1.8421270826522118
191.22922791690448 -0.47692669703543533 0.005507914167396718 5.496679294383206
5.997351230637095 -0.07490832272803638 0.0036767828296271777 1.958426687110328
29.21922420097168 0.09914118012750098 0.01685481879265267 5.130788047860716
45.15554898670199 0.24032641535824617 0.003324302559520453 1.4816657595973592e-07
95.74165485428912 -0.36219540660750804 0.003050345164964232 3.1959930305952744
17.105807135886465 0.07490531176286386 0.0030866230409764155 5.9876442608360385
73.56082479164839 -0.11570033827227072 0.006947084431082202 0.18780750067362295
154.45234055247343 0.27357098491941256 0.019620473825280448 5.592848289074073
63.23396236705023 -0.15497085818391876 0.006598276426065403 3.349851826618331
716.7671127449461 -0.6196020781246878 0.004039058493567222 0.09905722529088418
36.25330569428278 -0.14407103811677885 0.001765319200910791 0.015017708032569849
15.815392533049419 -0.07052312611756054 0.00416653577966882 0.012102780025402283
19.641340203340384 -0.10586254495260322 0.0029910903431402693 2.7365824647304473
292.5751430960196 0.2786347640522252 0.007700142795141133 0.26741855766622724
179.7961245686758 0.6350342131065402 0.005306844747046056 4.515602292288998
1013.9355077128301 -0.30234199931557376 0.00852865074288076 0.006889802567478201
36.20869770023109 -0.1696993269897063 0.008294864451123117 1.0471068941424344
61.208498758573036 0.19399934029360721 0.00507101504683883 0.005604982392425579
152.9885649152307 -0.13168180531288584 0.004107149879238917 4.606048790134774
92.35749828994827 -0.24778940469028798 0.006293566410550512 6.108665241371259
97.81800890080441 -0.1361712703110858 0.003921979945476206 5.976106038473675
26.022793486718253 -0.14083397951789653 0.006287033290321319 5.87539461266103
147.9812187070563 -0.5618557728645995 0.004004116450566101 0.965212591278303
121.2181722056216 -0.3107645841397695 0.004119366343585186 3.535722500172144
91.44663396435871 -0.17310096573881656 0.002080719366286342 0.0
50.098435456107865 0.14658514524067356 0.002660163698881025 4.149498463953291
236.08979101691295 -0.39517508236756255 0.003553725469465562 0.5258739111392787
55.725323458102125 -0.17302701467882228 0.004634507997171967 0.007445091512437925
7.720804514832375 0.09039336664209816 0.006778992112803795 1.146942467091254
89.98280115173047 0.2669900130662674 0.006075525805034702 6.241390977317495
12.721434863303017 0.09058145315464539 0.006784980515125412 4.300605828701176
7.656350888206438 0.062366143969807025 0.01597035796123488 1.9538562533492208
335.98630838408855 -0.540713659242881 0.0019707521889221415 2.1669619280225416
60.860107480337184 -0.1467211999738568 0.013297140118964672 5.509535122162332
22.677694297906815 -0.11718202021628607 0.005389817212236344 5.708712598618484
83.85081686675592 0.1379140322137808 0.0017974640343104455 3.8652736590968284
88.77915869541062 0.14412890749806967 0.003954555050832566 4.171042973661094
4.300164951475389 0.05596347631783319 0.009268199576750088 5.54043641953815
22.41518960420239 0.13836904512966278 0.016816902283928837 4.995863440957205e-09
177.50889888902478 -0.2739059999649298 0.005685528509097125 6.087982872377677
295.11568882661834 0.816450581264581 0.008217424132325462 5.87224893860447
74.6329284108628 0.165864887974566 0.00459236044586438 3.800547466693861
166.98053100239596 0.2550530062961266 0.008436353475395036 4.380402700787476
43.98710247829154 0.11984471035892036 0.004476960994920859 4.789936970679307
34.63477118357028 0.07994446992866538 0.005509945664749252 0.33400406010249534
23.390218419238405 -0.22537557837374547 0.0039302326790641206 5.997793082123778
15.119526429493497 0.1174570483852101 0.0037372155352416885 2.821409883320827
375.30768052901175 -0.34155612749490083 0.020233811022485983 4.489657017454106
43.622890108451955 -0.20363952812677324 0.00416006648783077 4.116644504950009
52.308808454305336 -0.1869441159769478 0.0031363064828280897 3.7707662388516634
9.709065910942849 0.03934801553950615 0.003245776641514252 0.9122831388488669
5.3609430513171565 -0.04012812370973044 0.004150090054927168 1.2762744887711168
86.50315680181681 0.24266437655034379 0.0060665286700515245 5.7992398989376905
259.8600875653121 0.348298614774738 0.001998821018758436 6.224466178436103
46.65292197593555 -0.2457634779790906 0.003881801388634332 0.029091507279262827
344.8387126073105 0.8099615071020252 0.005790032254560877 0.3665312695618759
22.11865194126256 0.07492690079651054 0.0034944134026776894 3.354954559695624
92.66052551368702 0.3350312477559349 0.002994924035788352 4.2526198336555066
658.0083818355258 -0.4465439007294931 0.002670317532128778 4.442451070607441
252.9048079146147 -0.29909553517781085 0.004643076141751581 5.267337710555356
18.107931026388048 0.09949737624134927 0.005124265993424214 1.9449664204036095
27.944696697534177 0.10428645225182481 0.007855298592752094 0.003238677141318278
14.835562273377063 0.09905252339041914 0.007865391305570126 5.959456010489093
17.249719516657485 0.1388051655354366 0.006032921828095856 4.546168800865558
151.4586150979138 -0.3297707149185766 0.003688107227520057 5.363906948548616
239.25530195365616 -0.21240327735589015 0.018759143725092662 0.041568123087972135
347.6032207401774 0.2906739880267948 0.0036960259836900603 5.267227568020252
19.170422475606788 0.07077199860303357 0.009699539880562349 1.2213816443204395
77.04685974079696 -0.22855525946406455 0.005721958304465637 4.1156848276501854e-14
32.025012972769005 0.18974559316178757 0.010810153412405533 2.3887496533245502
9.777490146985958 0.042605318958934296 0.010415146151828987 0.00017154853371060858
8.84494192420641 -0.04800386904410339 0.002904943291765341 1.15199310954333
99.01086709042323 0.164870833448565 0.009228734128494828 1.814151648856602
92.18199517716289 -0.13648208532090494 0.00452906972153398 3.724171199744197
72.32822118754818 0.14025856826493988 0.002681717021526855 2.645423991630352
52.884159293497646 0.1804330187151303 0.002307604598826654 5.844804930938625
520.6539739441026 -0.5505739216945997 0.003407303646036589 1.0519615671514804
98.07330556268514 -0.252594032607178 0.003763636853067916 6.08540280730519
23.09200155273102 0.08797699994625229 0.008598785388925868 3.3947726999384082
160.66933239122983 0.20598633661185362 0.004790557860535132 6.071851276897306
268.70412024641627 -0.470896669182993 0.015320821216583399 0.6647400876239833
15.197510303476115 -0.053822158578563 0.009116823570033804 6.14738082054655
53.37069333385958 -0.1967978796351117 0.007029609265827408 0.02151867040896192
97.95428291206517 -0.32085432015873455 0.004174212419657645 4.651948643314061
22.25100309315188 -0.0755734117735596 0.015762903423359946 0.39675840269609663
45.31603448507961 0.17685085503811562 0.0023678292671079093 6.096765220100846
5.624827346421646 0.05924249404242915 0.005048970315469983 1.454783188138003
49.80297253469765 -0.12506265747741335 0.0037935871435769127 1.8799611204266526e-13
397.87694612633 0.3437096150192538 0.006880660565209304 0.9300308082154896
6.789866603877518 0.0514047191213724 0.008131791893053596 2.28389954041362
48.205378352502855 -0.1698537962202884 0.0023230829386325716 5.984878993824742
84.6686879319118 0.20515957212920644 0.013247084701524189 6.122994620866624
15.023102795586405 -0.06157979871640784 0.005532536278021761 0.5596936471417298
36.25946620715696 -0.17236200363937704 0.006576071440351185 5.675156170961907
69.75678792283412 0.2328568300002234 0.002223071306553896 5.232525844176874
10.376671827187007 -0.06077748125150678 0.004643279587132605 1.2970073393139554
463.5519795172795 -0.3341925846489826 0.008780006481299054 0.569216980118783
345.3946124836212 0.2477868420301702 0.010885175591360634 0.002021693485084297
9.150980421617843 -0.06613135154266289 0.01769966164773693 0.002683979166305809
211.43715685681093 -0.37887990141974515 0.0017742381800705319 2.326499776786162
65.8444275057974 0.1889166498266298 0.0056773330387618285 6.119221966481542
8.30656176195443 -0.03536842846306022 0.010661366273302962 4.685837530450932
12.598975445003886 -0.08457136716493367 0.003696851903685315 4.438437902812084
239.89748544331002 -0.29729135718433797 0.0064831076741497 4.431750221489475
261.1034184990962 -0.3120386173894827 0.0034293705457756796 6.274020957408992
20.31662681190811 0.10462275606288052 0.006537277351284053 5.358317994644936
9.045783053907591 0.14333466635322853 0.005117470801663007 5.845811433965991
4.890106019191048 0.046294937992868865 0.0030497865564210885 0.006797928348691001
38.16613061701477 -0.11423409318161332 0.00827192780352998 3.7321302223131796
116.34701946860534 0.24250557386676436 0.002333382186662319 4.086377111272781
159.51069116591893 -0.3464304424314514 0.0054425053639078225 0.8339410766539362
181.20724990837496 -0.21931653863676676 0.0025771725183747294 1.7000053057920168
82.8310337148156 0.14943354286624833 0.004988553351719043 5.019810321259954
12.411557988941658 -0.09584382948874319 0.0022417104120957126 6.2550794590779155
288.56061727131623 -0.4320527803924063 0.0036333362218413322 6.1175217415882015
414.95321379860474 -0.3805701277452974 0.0031605706210732767 5.677212866044251
84.85749491248666 0.19833353714226687 0.009457644560192852 4.771315381828212
5.624420664852981 -0.037116949580846534 0.0020588601951131084 6.195070568507061
26.738399151741884 0.10075468212581895 0.004231631813021355 2.7824836338211325
84.61702581941168 -0.23081240606870118 0.004131278548236901 4.764648518063083
382.44800499248953 0.9377135653207531 0.008358392971505152 0.6169071063053734
14.86998987770621 -0.11530843505998667 0.003918614248110741 1.0768787250254437
63.823470723505615 -0.1309486795846846 0.0034258084970247155 6.068293800648719
17.363035981737877 -0.09341327961872159 0.002634213202229011 5.363487769616815
55.35433715582828 -0.1371720004503953 0.009886152422635425 0.17190242894081292
3.8711219783906246 -0.04057635907828264 0.004689659694900676 4.634328496217084
45.01198206745337 -0.10024780087799734 0.005994982423989477 1.0089921757701468
43.84074418163423 -0.17032786081485643 0.005751840920606729 1.4167123681341507
27.534523438891178 0.1540517766895776 0.002543263363861756 5.457298395717145
18.757527855196393 -0.06932736484428625 0.014421248450457494 4.020508738326456
21.735103802610436 -0.12470902505473502 0.0063639076196239115 5.439136101354382
58.078957236294 -0.16223832391492182 0.008659827692987761 0.5809461748110001
598.4712733621292 0.47766839113154325 0.001939305194305666 2.1963743062581145
310.43385022653695 -0.19747698243974876 0.0025678020855468063 5.472354188757881
9.444538830784314 0.055884493983026196 0.01957263809996095 0.6635029387514674
22.27523458501578 0.12461057330481623 0.00560545791025135 5.890628670200946
36.14828919097142 -0.14604348308805531 0.001969201522717632 0.7789285254329792
16.539117851662837 0.1128831942475435 0.0044432711474467375 2.8157249331441156
15.211785953803023 0.09704230093562016 0.0033054246585323102 5.789624718903365
14.276682445634233 -0.06006617357384045 0.0032644644495918133 4.053010565426119
25.927098346241095 0.16304223791334732 0.005297604414545996 2.8161163234318782
132.89087564872648 0.177509864673631 0.011029871436207254 1.226809584911043
32.83796810341973 -0.09491125167691325 0.005700475396380127 4.606286066959092
22.12249245350542 0.132158721655313 0.002647716626390805 3.6428717347352877
67.74018524399085 -0.2858835928948541 0.004379643957735237 3.2727323115615774
52.399339737502565 0.10661832289380818 0.004377847029551051 2.085412829033009
18.219912468646587 0.11180727919509198 0.003909404049005981 5.625720111112565
100.15567500699197 0.21034502008351946 0.002168163415245806 4.4802699744449415
5.975464157640427 -0.05196822477002468 0.005541889161965014 6.14475477112911
5.02167644154767 0.029984042450925813 0.0024319289620179994 3.487868498008632e-16
23.768836806131343 -0.09863217378054481 0.003015221176184478 2.2890452351925243
22.174465061425018 -0.08362354310260814 0.012318617731579766 0.058151785502533644
47.17254488421826 -0.09959070550807836 0.009338247544678815 1.0326113967889108
215.69686250704464 -0.6201718523610366 0.004086536834690722 3.074345538248059
40.16026524098257 0.11799911633553059 0.0018125773686773127 3.191795790974453
9.835276226377854 -0.05146841395816942 0.012116347203998791 1.2111546432072804
23.331432008693955 0.08374736364594026 0.0027636560940015745 8.370884395220716e-15
40.25059039144056 0.1660309296409201 0.005289891770932299 5.910469031298036
66.67633470002663 -0.15558206258733137 0.005542377174354299 0.1936907076001226
30.19241181725329 0.3976628837531936 0.004886029611801903 1.0433369838574795
86.97305677549275 0.26634871929539394 0.007112579709437797 6.051344954622541
86.79908453293316 0.22373721082318043 0.01413025969454856 5.367607676669203
36.89993773676581 -0.14116925690177465 0.003350758254994486 6.258867003438153
113.97889251049804 -0.2706163620926536 0.002704627087418631 6.193120479867889
11.545765713805286 0.07497463168331661 0.0018578450093983386 6.1190599101588425
18.59808989901721 0.10013244924007123 0.006207103165268395 2.233697971554114
328.28255436700164 -0.3262563863042883 0.0037695554970334157 2.7128217757446516
78.59841573921676 -0.3183767065417491 0.00625151907795265 3.8156946536733307
43.44430989384658 -0.1794552074863912 0.005209453035659803 0.2986457297517686
18.80332032873967 0.062421649561862635 0.017955985236174827 0.0031262045091314137
705.6179414932944 -0.382935816393685 0.002016957771696585 2.984093928533649
331.44615995750047 -0.3111773745401164 0.00869369267476559 5.684840562220643
154.19371180478473 0.21074205688019776 0.002111162671022687 6.303319314967809e-06
596.5106554465116 0.25627643411828765 2.752362824694661 6.283185079047719
18.587537421720242 -0.08090788011188486 0.00426241900370695 6.174923830575641
20.150481480370576 0.10464683590124318 0.002733039584859287 1.8693196336392284e-09
3.790623037213285 0.02862700913219246 0.00727478667645471 8.014773021574035e-11
406.69578850496475 0.4137013996473 0.01123798694596628 0.007968719669679603
373.6425801937075 -0.23882229627733587 0.002845018919961093 3.3530827469046063
46.00732919137476 -0.1247165295081473 0.0027836866052253282 0.00022932304798889245
3.817004985908799 -0.03846380187872596 0.002422731233374132 5.755774184696884
15.839604233252725 0.09193753193432908 0.00536999921927617 1.7340516640230372
253.22793919932153 -0.5687717891972239 0.01846070783157041 0.425700691646336
114.37609414856668 -0.23223725516165106 0.0022479088141849858 0.4432984793008444
6.7685106601919065 -0.07755951969569672 0.0025013119189797465 3.176001040468826
16.91268827911792 -0.08953362520823258 0.004838366135073514 0.0003754249447475125
13.267470610924239 -0.10987877508536116 0.010005227031071437 5.344394820278883
216.41867161460632 -0.4769810412478249 0.002996146081598687 5.628317073035173
270.0681041318686 -0.41971755791173226 0.0045837034541777 4.095048201140788
43.69877986092389 0.23103368654642514 0.005251713170457269 1.000281678398368
17.397282530150733 -0.07844575139717597 0.006524210275626111 3.4313730546527905
71.87948451616356 -0.16402787125209417 0.013812581631504709 1.7882281628185468
60.823052682168914 -0.18814627827476474 0.006149029077117445 4.380890827043897
46.00737107366036 0.11610033448144394 0.005402274438717187 6.140502298602242
301.1391494227808 -0.25299543855219586 0.004607880058446603 5.165959726164658
13.326886408830042 -0.05703596941847347 0.007986339756113776 4.990535150716763
87.88680263280678 -0.16679513779995286 0.0076685649156914 4.09421958582902
37.07214640972435 -0.12282195454986267 0.009322386653467313 2.7733249957289603
12.859092007957468 0.08454073232097076 0.013449289715926634 3.3964810900000706
163.30763711899192 -0.3626780509366127 0.001969361076358191 0.9399311884848052
30.380908834989867 -0.16133657178738975 0.003911339815315109 5.755024312744994
15.771126598957249 0.058774735763578 0.002505382334878687 5.737257543365073
28.202952160508282 0.13455572770992974 0.0023984340333918445 4.397264897892783
34.39348253562099 -0.17496120610789964 0.0031816438016228177 2.108145015226518
191.58205867886778 -0.45891106934496384 0.01555781634499017 0.46795528280079673
33.462611885198875 0.18106910234716717 0.0023155917939390526 1.1743045840972919
19.411917656161314 -0.042658501874128375 0.007617796387858787 6.100670721758768
27.371177249461844 0.1057872010711754 0.0023822763605146186 4.892781031657615
31.32815405594702 0.16896811039131115 0.0049170503918465 6.25958209990437
17.29072127417887 0.09047316452901341 0.008325932564325615 6.076628711304201
5.4969596845917525 -0.050966704092467716 0.006589935451572968 3.8734197757121316
122.59504101473301 -0.18081916604176654 0.00406298331155696 0.5258420392623802
141.31426204012683 0.29516943073800883 0.010808428963660107 3.652339303375759
145.19295561137443 0.2401575833652173 0.007545352020395255 4.5727226488607124
28.811233495828837 0.10046871399872326 0.003678701373924117 1.2908091607357621
356.58464922464026 -0.5585570834624939 0.0029987990828366355 6.1698354752089015
35.655284515103126 -0.11161343775913077 0.005958178551870076 3.2275019192937715
88.77042164549441 -0.16737345435732398 0.0049303658105435515 1.5483371338875758
119.34203728733347 -0.21077290815875632 0.004364004412484548 3.017241214158553
3.7110541349666084 0.03995482003050044 0.004602622388463185 6.117451738118103
54.080464179730214 -0.12648506013870758 0.016990528833964166 5.469221795057255
145.48893689467542 -0.2871481843861001 0.006549598986406554 1.8028614449235605
11.729336192623412 -0.056863867663586615 0.003521693884270507 1.2009588686025219
116.56554347217988 -0.22698672631397507 0.006053966019407917 1.1674894031648146
79.64163609066328 0.35889490770954785 0.0020267912949066113 5.443354015487369
20.625244175640635 0.15282483521558138 0.006438205823164116 1.434509205023353
26.307572977302495 -0.16509548884410882 0.003642234402187026 2.854377401110834
18.68413956336384 -0.1284080972222664 0.0038909627940812482 0.7063179645937108
57.90815573437263 0.3093542362451739 0.005951232339222359 4.160941452613665
191.6261443436548 -0.46009375748069126 0.004368308261415257 5.910873009238258
31.33013720194166 -0.11818861910907005 0.002903487854837918 5.4052879995098495
33.69203709886098 0.0876127692703102 0.009353856873984684 5.625555036404768
18.61382680388505 0.11081251879507464 0.018633243930065206 1.745558001222543
367.0491928943362 0.4852886560154068 0.006804258821837495 4.848285654210925
99.49478957994769 0.22567075792756164 0.003894416294399545 0.301019938723476
219.6849942291624 -0.3319086538830648 0.007766385869022646 4.022221645106997
37.300631349734886 0.09950023743788411 0.014406528575170354 3.57982142057003
4.138112349096871 0.03952229100548994 0.005343942741867208 5.798499590383716
95.54290223294925 -0.21992079984061064 0.00495462919921418 3.890811047007255
8.0900075582366 0.06672730086274437 0.004737549315395286 0.7079457796752446
12.137818287519199 0.0898400654450621 0.010036723034914586 2.328959492756802
96.48749398835486 0.31175209891828637 0.0057587057756978526 4.323590296948051
311.9962629302374 -0.311400307998315 0.006526695371302107 2.1303981391628457
23.583583768115517 -0.0636420650639575 0.011276339949198983 1.3481912756946095
98.23617016569428 0.21675837733838343 0.00395859800819014 2.557875564907151
72.37817169349707 0.309264575645514 0.006488086416980234 3.6115030452448047
47.483150262865536 -0.1495659973790012 0.005193767477661271 0.30150150554259514
5.607748771652923 0.05210530445880459 0.007078431240499832 4.014060377599331
42.145452949842706 -0.10333966130261271 0.0026408677130537127 1.5663662764534192
14.025107970483523 -0.06103497077256495 0.004631928811458841 0.0021600990426570285
943.2141200728767 -0.46659998811457043 0.0045928700681008685 6.113980843425991
553.4453870537853 -0.47963060007281544 0.005556465782978007 2.563430898090014
94.97977905327298 0.3972279822399273 0.00774679707125529 0.5622584960785292
87.90915207706543 -0.17135499999999582 0.0054055288506606285 6.07292287768541
21.02401275135014 0.11658034074243617 0.003977705682001445 4.9788563428418335
83.58233017608059 -0.15267830442215796 0.0035181419786534038 5.383137972589904
172.80553379186398 -0.37335132060764065 0.008816340178064534 3.2165096473722956
20.49525368114044 0.11735819043555726 0.00936614833150256 5.579360340082669
33.067227180151015 0.19035557698337985 0.00576482044559481 1.3192630375271857
38.803594771892314 0.11104627798954231 0.002671843259994135 5.8292441906322106
10.939687016235858 0.06675994278560526 0.0042644265173708215 1.7892309592432072
13.902073004947809 0.09326268411128177 0.003851873100915478 2.2561172851102684
82.0064134848922 -0.1328708120311187 0.0027176813859508026 4.506797355233021
132.38298085847535 0.31062432528141626 0.012038190718515598 3.1268698585592407
16.78869118483048 -0.12614634007137018 0.002642493314355922 2.993761778861792
5.7425043988342965 -0.05731934791744065 0.0018625124900925147 6.222365672733142
69.81044079062706 0.11445855725726795 0.0032872408459001497 5.556786643911264
87.20762557720084 -0.14690915671978536 0.011164683745005897 4.742244079411742
16.601448060722028 0.08572127060201298 0.012376474150331263 5.606661939681728
32.60854781220836 -0.14094086697911368 0.004560845203317289 1.278883502360585
5.687080271126527 0.0522537693787227 0.0034393433661752204 4.016297568501717
31.78152199690141 0.2039710929182268 0.010774433402259375 4.701627402059391
5.790903268393885 0.062133690488158755 0.0066177466390057865 3.405239992333449
13.78424688602809 -0.059985478554260604 0.006096490971331155 0.7624688148323803
9.48854838001699 -0.10745899451307206 0.0034429556488716454 2.729783326818767
13.834236413803014 0.060098497501480025 0.0031111830050338297 0.7275722292858341
1833.3197070428432 -0.24174399999999877 0.0026075678555037736 6.179524938757206
184.78483536296767 0.3782985762214093 0.014021991514071106 0.31335742675413575
92.2865851852656 0.19903085389660957 0.007544649273880451 5.860394180504625
72.87877214644227 0.3311701972917235 0.004605378057067075 1.5361977564165776
21.74845713254151 -0.054008204939935495 0.010022419294851894 1.832358188644509
41.20819701932091 0.10539879852021744 0.0019113808636904235 6.1222568015116074
100.3312807181867 -0.13569110237563786 0.0032830602129219136 0.0002797886857151509
14.776410477769497 0.12851161075240766 0.0020564754153493013 1.0126851790543162e-10
81.31279640524116 0.21459044220262025 0.0082742535666782 4.4134986030693515
18.272971225394304 -0.058328948152189086 0.003690694856631371 3.035222908832838
19.84316927942729 0.1407225886478121 0.004700037241122282 1.2883629932711447
6.298067223566061 0.04594861664373259 0.003441648917734464 5.456040993541195
8.513595099300925 -0.05408282990940445 0.004572372381593684 2.9646189847874225
21.309183626834603 -0.14648707887575263 0.005475127772036689 4.760828491854703
7.092241524491672 -0.05805619450176613 0.00227971345628238 3.25020348048242
48.77598495163488 -0.10422100394159711 0.006145067036732231 3.8232005448177384
24.40718918411078 -0.12318931776916825 0.0033250573012460127 4.0149284172075665
144.92691173233527 0.19302253927307955 0.007838004165800496 3.201851596345112
14.700265657552332 0.08155324949721487 0.003256041359951911 2.693830628270193
131.024348502056 -0.18298335272159427 0.008494121719484682 3.8446785354444377
29.646675808552292 -0.12813641952732732 0.006633056131419008 1.663626965360161
22.45091621985363 0.16763215427043626 0.0032914916257426267 2.120870327866349
32.862430584901865 0.10782734182099152 0.005575457676186009 4.749448555126992
462.9529251808478 0.732954926217583 0.0018403382969668085 1.8555643465646168
13.73311962740515 0.09981269900586243 0.0072131028056621116 0.03824186562646563
11.527306641725021 0.06891200632136463 0.0030735680092626796 6.099113492387929
44.95444279220415 0.20701290306664344 0.0029485136668411733 4.681093755771963
43.40139309812539 0.127053032827376 0.004818456912760682 1.536864561458066
109.58422093104643 0.16206349558055977 0.00735732180823062 4.897872981256503
26.03446073097791 0.06115001068402473 0.006389602034348886 5.935221522420305
44.772440337523385 0.2370844617070333 0.01254903731072252 2.9481154956623836
10.813141184053835 0.06188657231673636 0.006477503103120291 1.1515076627049784e-05
17.059290153420267 0.059451733985864175 0.0023859466495174202 6.178722166587983
221.5605039256969 -0.321906636511767 0.01107539225530308 5.02060653787896
53.99308502386396 -0.17826603171669828 0.004663652323570857 4.277690907326998
124.05229799578247 0.1990250234495229 0.004047192792583161 4.914403723711425
19.045196843949377 0.12014872116020986 0.005645156167012015 5.93330431843048
7.16754436186842 -0.06943659832217718 0.007493193566886472 1.613316896485925
28.601580109208165 -0.12424864815909711 0.007523063451347912 5.414766234353999
8.43883784130591 -0.06119486996372772 0.0038943441187780023 3.7824700553341857
13.218106894118563 0.08003354100685592 0.006829830304921774 4.216450105299417
178.93188901937768 -0.3493272587989835 0.007349698014943862 0.12456449473387891
239.58273208113522 0.4018562393179362 0.0172401390345379 0.8891724979234515
9.51605064427529 0.04946480395332059 0.01025316467742252 0.1569048357989829
371.93779538170526 0.4913317330739013 0.0038502338509129545 5.116497377154196
17.10100067444194 -0.10746168993387535 0.006660367225183314 1.8797161670028926
71.30626518314702 -0.1991285836568335 0.009012410214498973 3.3385552856330096
233.5722981335725 0.6323515292003739 0.005720099701567265 6.032489155438854
121.16505480773 -0.4451706866360493 0.0065029386216339784 1.7755088179871725
96.3186294020926 -0.3411089369966354 0.0029992714864251263 2.1265465778833157
16.24150938320211 -0.13595580304898874 0.005734215580165354 5.8835369234610555
14.264110204742197 -0.07682271364471349 0.003798626543130636 0.0010360773151152473
286.66026033219634 0.3507227571159687 0.004575535064656017 2.595584693765254
20.990668061135242 0.09884085087691907 0.007567316227154736 2.860333186859889
12.651946431847417 0.06769040390006201 0.003483350081404139 6.041277047606699
208.23658748490567 -0.31596665672361507 0.005126163265854282 4.329069816197242
20.992226649947614 0.08543710865968632 0.008182864333477355 1.1387858859716644
12.213374415857684 0.07255249939926331 0.0018027709547826024 6.230921793535808
12.309513564727396 0.1444635193185106 0.003989128397267934 3.815728136821443e-13
26.36768734744119 0.1046482155263202 0.0024459605027909725 5.310731531173672
75.95442413059405 0.31479305980101124 0.005582529894662314 2.275008366368779
52.27930522921039 0.19807336416608973 0.008451194291761532 3.444836076351162
113.2342508659015 0.18514875801732544 0.004866751061813487 3.628264509794025
4.660627183666769 -0.048957003220817585 0.003837137584419635 5.592538070395855
35.908074604679435 0.09885306209697797 0.00396342482208203 5.5095827264188175
177.38454626986018 0.4198895809770502 0.008256678288821862 3.911648501703553
19.15091096838943 0.07853229695126202 0.001978297470404783 3.245125388318653
109.94433820641417 -0.2312314610010871 0.0032191434505618004 4.825815590092326
8.60914753393923 -0.03450108713875544 0.0031735560239908424 3.390570468971363
309.20986850747295 -0.4703801325545612 0.001884451601035776 3.4034391472476333
13.384535026447482 0.09835980117428678 0.002330550270491307 0.16118903934472914
16.084302634200498 -0.12099138717089228 0.004196951922690942 2.003948261981414
10.554141245922514 0.06149845112417979 0.008175356717720765 4.639855190467624e-05
23.674300359304315 0.10799793035903749 0.004282578991294593 0.625423887307816
7.106549553595594 0.04427734160822494 0.006407615801713778 0.8093793513726383
85.56354215908328 -0.2417482622982808 0.01062994373917227 1.2804192062300694
29.160729934730732 -0.17133816186669093 0.005444856347093144 6.0211562646966765
468.37504923710793 0.35459699016554813 0.005936169403731502 4.274632405910569
492.10131686018997 -0.42151966318204714 0.0024436198607643324 5.4951654047593905
725.4241729086941 0.4842238264478542 0.0031456075458678513 0.0317551945963295
300.9844763091843 0.3627421860318001 0.0032320955606879066 6.09172769865737
118.5238240067942 -0.2531399785049334 0.002270557002573476 5.193800442664946
46.18624506379465 0.22983801615253963 0.002841082783052344 5.912188894923042
170.40709940157302 0.19995661700724943 0.005063252107294338 5.780353344573774
73.50393134342686 -0.1910978011774755 0.0056893209946161935 4.986776567185143
16.084494363008623 -0.10929990890356733 0.0022218850502464193 0.0008046604964100287
189.86302842554727 -0.42434770300616936 0.002463392432091493 0.6167668653908097
142.23165987915704 0.3843067867637576 0.00396847176317848 6.2410305949098115
109.48934480504363 0.21757872370346393 0.00828880822971146 3.6374781688138005
298.1808068142566 -0.31798918952936617 0.0036217297502566612 6.090885318230964
20.870556668088312 0.09971740605782833 0.00801871972129626 3.8996902896554673
18.945934654633948 0.07799213690094423 0.020420366512436505 5.624949689524729
10.896340474930273 0.05559695313833696 0.0021314300058673866 5.995872027941061
265.6163226326491 0.3812163166833171 0.007607715590191669 2.4896378745850476
243.72943446558705 -0.31182089016572023 0.00222473927235842 5.147261204994945
63.09696845672718 -0.27441327222873724 0.009524992404517834 5.2647082517057155
18.364031664803036 -0.14421475784895904 0.006182518622191647 5.674209479105607
41.45370981318973 0.18471313528590705 0.012944631396429844 3.8858486662401535
73.07217806273096 -0.1198369976699113 0.012064842616573547 0.004286821700976182
23.58163130952974 0.0757404036818092 0.0038636758996377124 0.6891234362597445
14.44846714589201 -0.07809097026093949 0.017944772356817153 0.1840056977791076
38.56016322415929 -0.11536971581815136 0.002473974529445473 3.0162505523132364
18.398244884651685 -0.09225710606894263 0.007155750035515931 3.3203913980473088
256.50246616375017 -0.2779824578890198 0.0053438082579795095 4.7272274899753475
120.00177932148812 -0.2835538519211542 0.004038958833777388 3.254166840481474
8.870650438069728 0.05766094987302933 0.012505227570836646 6.005475875477353
59.61554829714954 -0.27428544002965916 0.004589847170957675 6.009936570779496
21.755774937414643 0.11240957292182507 0.002223127846490385 2.221628914552459
54.7212107356311 0.11519302855536967 0.00300129081105623 0.3508297819466316
11.877116132463815 0.07457833393290275 0.005731896774244603 0.4352840839179752
32.903561020186004 -0.1301126085531865 0.0057420478253725265 5.471043276244288
6.572373882586285 0.04809829778576438 0.010795688635671518 2.986585019304623
78.59890902261769 -0.28276299999993865 0.003155386495459996 2.67190742683242
6.785867915066602 -0.060032805223143595 0.01181913292541965 6.094014369267567
4.590062430200903 -0.03997641189339851 0.0025823974945255483 1.3512002561285439e-12
17.55260636255938 0.06557817559049484 0.00554372204345988 0.006526977482011202
29.571370681102984 0.08419846135726478 0.01351224938197801 0.9505310537004554
238.60910786657175 0.4108108451601419 0.0019687729026027665 2.9182938870581705e-08
167.04853838309987 0.35378779984473485 0.002057064121189859 2.6430062762631694
360.735491142481 0.44936469993493666 0.0035006755044916533 3.9549917401540275
252.18025408256392 0.4771898347673148 0.003259937285443955 5.498325808952544
22.51991954854922 -0.07517420887078821 0.01239095620250235 0.07424810631158059
7.954747722783704 -0.035510935619713635 0.00867339537392126 1.4726643367700134
14.9750360876601 0.0875971901514925 0.005754030275673174 0.3726515039060307
20.582820872294246 -0.08839377347278982 0.005224779653547304 0.8959268515225752
48.73712067060646 -0.15684723709107037 0.006518871053540655 5.104644326202731
44.03990120849007 -0.13782706552148674 0.00371682833307952 1.130505645905513
7.7069060214996155 -0.06996078971213297 0.0042712233781543735 0.574512245290814
11.66006382086716 0.08160167234417953 0.0029994162564198077 5.900939338998634
333.1622432775219 0.337548919524445 0.009002564528182745 2.1472691953973344
12.691861523508187 0.06505254687434914 0.0054471288642161395 0.7325920034560668
22.94543351074953 -0.07237514004276527 0.011574233509238405 2.349451177537559
62.38030509194806 -0.1672307094078589 0.004115258355066622 9.763297649076777e-06
25.88938711453992 -0.08297867708497891 0.0024379096961065745 3.050969943636556
14.078616482865371 0.06583552795422826 0.005516586486105382 5.82107484600294
11.945796879895898 0.06418640097680955 0.003717603421066806 1.0300559377387297
82.29238537349562 0.1369880477269082 0.012315397336017322 6.074246522504862
10.585984683705837 -0.11324346463936952 0.003622357146497936 6.1826485695592215
30.66809909504426 0.09729597434417159 0.004857610568727806 0.3590221417919111
210.98609244184706 0.26708873677855266 0.009282285411656006 0.4731122220807669
21.76301158475375 -0.08000969552932691 0.0020170436745245 5.7510666828938035
136.505251712665 0.3111941177555573 0.0024499573100795896 5.531097436012648
5.2135231278129055 0.04575137596785164 0.0031989366575798494 5.840810951864256
12.909937824076385 -0.06378734748735954 0.011440517763133432 2.1670411889865835
61.7217510429462 -0.21724777914648508 0.0046913087739407534 3.2246957561895586
51.13224764879007 -0.10675850382919527 0.004085650251963122 4.098734611531187
260.44741522701077 0.3057076292180434 0.00809306657573567 3.363113241804725
6.181990752379143 -0.04473672363316206 0.006118553200637559 3.7358627115129144
11.503509520053393 0.11868926437035454 0.0032228856837046202 3.3238973123323965
139.5718660103261 0.367608521687795 0.0038174389699058256 4.139587912347411
48.4531855165628 0.26756782699311193 0.0025695666328288025 0.031005448797552942
11.949806005453208 0.06452926265196662 0.004049122137636621 4.497595944861388
24.661456873094266 -0.08359558110450896 0.00253843202348785 5.925171448255825
32.37408526937085 -0.0664932902084143 0.0085655662063177 5.47392043878416
17.67501860143238 0.07804013828800746 0.0017678179211378638 0.6885096472770252
43.675339123311986 -0.17881354633465762 0.0018378169988779254 5.4489973833856835
352.01504968227516 -0.47279702345576474 0.0021327623298462244 0.9300876790881777
8.735345936370459 -0.09232074660501521 0.005080143351697861 5.95215643584632
15.808408174587123 -0.057129509847389806 0.004600680599980401 1.2599979462132813
25.759577191491818 0.09025310568141018 0.020778950038551947 4.391078964044179
23.663418327327996 -0.07886980327710592 0.010377788288233774 0.47384685549834454
95.96062688882519 -0.17451074975309133 0.0026469960169684032 3.576491084421034
432.3814898618107 0.5265688406715962 0.017388372777695203 0.8002678781886341
306.9818001996679 0.32950768414182396 0.006273753428409764 6.283182077620603
221.46838155220973 -0.29812527916035747 0.003850357867594803 6.022982782941483
686.5125519680166 0.7827219223233747 0.005165117045936884 1.3431805814981994
78.63717014687957 -0.14669145499122832 0.002119201804991184 0.0001701190221693422
26.44683789241446 -0.10238199963153652 0.0034404867010604046 6.148592335519885
24.63320223714017 -0.11801138535274935 0.00533648564449748 5.854795742136057
76.16077960199028 0.27813911963122206 0.003991156925415362 5.263695675809378
162.6623169719785 0.25866167961164466 0.0018105406099987599 6.256564843062316
192.09605724628418 0.7104809462367903 0.007931811184575846 5.658827575145046
353.2304650982555 0.5778865640558415 0.0023571447081721774 1.0388901955625367
216.50087406880817 0.36470599072224785 0.004611766096747515 6.21924549167219
56.70415375899619 -0.2021883281000557 0.004046386304397404 0.5906647480919223
144.75076053580227 0.3436857839017494 0.0029940234759498396 2.0129666390362333
15.762324521825471 -0.08045643529873386 0.009956731644318987 2.4851347943807496
97.39272563731357 -0.13968994807268836 0.016426472506533382 2.5757776316771204
4.6575691871850875 0.054793820052514625 0.003614356563937395 4.805936676391158
5.254635340331804 0.047627188357082906 0.008466446945246878 1.8685044183066906
257.4472070630582 -0.29543450039114416 0.0028411558926106696 6.23154219797085
3.386705704218526 0.04539380560396622 0.0033246262555593742 0.4778321385851484
9.618006883623568 -0.11046000539618481 0.0075199000638934005 0.9377839725026231
23.538002183001428 -0.10518171770634643 0.0047413557698856345 4.282923955805634
238.53237617692167 -0.3776984804065525 0.014819824168179934 1.563145566087376
14.0696945528416 -0.0652682098632098 0.005673496235538254 4.527423692910008
92.52980364864904 0.20464923130839036 0.0048900584985394745 3.0643463542215104
8.07734228384149 0.03369294522773794 0.0025663792129081587 5.736293515338445
8.23121898168389 0.045266008451940815 0.00504828619923391 6.264670014226524
7.045725205705445 -0.042540333678081216 0.0024514026234616865 1.3200246823093202
453.9060265984121 -0.35168871517169265 0.0023258280379095503 4.601466695916001
16.57322167312977 -0.11048735206274335 0.008363672737571288 5.019748753923295
554.1201363758742 -0.31281955178983134 0.010102972281683387 1.9825907543674541
28.04614073854527 0.12053224303227816 0.006139670779926528 3.155354657254635
341.13826745772474 -0.4700555589554408 0.0022349663151594672 3.8333542249166705
489.82103551716494 -0.4578212402080155 0.0037715994393661516 0.27048392233895546
140.46676085250692 -0.25726459431088883 0.004072141048670928 5.955408437676451
8.06939164586841 -0.10861004562152897 0.004574585455352329 1.5552532941203656
6.5163500146596345 0.028526276273834056 0.00281416237765104 1.495870065688946e-10
132.18873111735095 0.33029508162613425 0.0033827899533499634 4.020982106692029
485.9917750210103 -0.41250421026254747 0.0017647869945641235 0.6219148676922679
27.65495365525364 0.1201229298904023 0.0049936779736841925 0.8083428128352322
2.824979140854791 0.039240144699873594 0.003012048625648263 4.676540653899731
38.80707250476118 0.19316949199701683 0.0034508870758408793 3.6863267788434757
111.739562112311 -0.1619265603684812 0.004957770859905936 3.059154818515384
8.841255783827613 0.0695397134417374 0.010929195783845637 5.867251695187871
75.67875672588842 -0.21901296699381873 0.004050137316538797 6.088641721752531
47.5650278666947 -0.15275715148421276 0.006364466791731541 3.02533711612052
792.231443377138 -0.6803507434994632 0.0031906356624340913 3.70180892334922
194.0629743444335 -0.26318112363257395 0.0044734819349038285 3.367170412939609
424.56054199146155 -0.31619857625945313 0.015145080095950045 2.4165880289218125
101.77104072798183 0.17652632914271582 0.003845811366898809 5.847271571560449
421.8573540667938 -0.42796386400067543 0.004308770867029998 0.974270835926384
36.17107404687774 0.09968029891999713 0.0033230264595038002 3.74989780505747
17.233646330286597 0.0686782650834091 0.013324007967903909 6.283166774485004
164.29897192202262 -0.19268266653960497 0.005166863698455983 3.000759641470236
23.197937007130527 0.07999968098108529 0.015597074337051813 4.842456246513249
193.52907212243565 -0.20936219411726664 0.0025395528889509142 5.182047645421045
29.924647994629236 0.19859636769666875 0.005086351110587524 2.99754944053293
5.651748955424072 0.04224733954274448 0.013868096180893142 0.014653448765299039
216.5762365108897 -0.4967620691079668 0.003926755722655875 1.7947303776135812
11.079211435542414 -0.08747593137683761 0.0039314721713026605 1.9993526277045452
81.54628000371329 0.2114048418854249 0.007392976115823208 0.20527914822075263
383.54482668867104 0.4278606871470653 0.00419008168278865 2.0681065414212445
27.534628374389747 0.16677222889981103 0.008836168986593458 3.1282774115526775
7.594864961676187 0.08524228508489873 0.005951063632593477 5.679571914471629
29.378545677237238 -0.10677234032251662 0.0066770900314905715 0.01876511230260559
15.894015254001705 -0.09587400574674919 0.007130606599430845 0.7901146452311846
62.775231268230485 -0.21629850541726142 0.002599831250745078 3.2588891673082294
62.657139077048136 -0.15808891288575852 0.014033356771964652 5.300559373683103
13.458806763912458 0.054789098470659214 0.0053924164933805835 5.267172838429209
12.141243277694077 -0.08210586277543414 0.003938263305325993 3.372543965312809
89.18404585519431 -0.22995534247351027 0.00260536482794717 3.3476427769632364
99.67906229276443 -0.3215095354570849 0.004308203069417288 4.388821418733129
40.76796519133514 0.13115977096701087 0.004585014591617891 1.3182496987075347
34.39946530606911 0.14921546123808854 0.005259175707723653 1.7034396300974146
86.01799106486554 -0.15001042885010735 0.01890603238791838 0.4623675580579281
41.378440145139336 0.13770472141210155 0.0018382995792869657 0.0017757224906174056
99.62232090335334 0.1514797987285445 0.004370625862897182 4.947282102220328
120.73140968932552 -0.3708570138274009 0.0030335521651442595 4.670921986959712
8.559525526271301 -0.07810610281964672 0.006642574151368254 4.408062876174285
145.6842426160813 -0.20427025833248907 0.006259536811059146 2.1118858925800352
73.91772662365426 -0.26393296740278877 0.0026219836886471276 6.219349979874126
131.99673444471685 0.16572564864889028 0.0042953077894011295 5.097848172098928
412.11850371634665 0.7190746640164334 0.0028024743540143475 3.4762670540520646
9.721834840886128 -0.057866000590750755 0.008595253042222369 0.13959926363970027
6.024167131413392 -0.05166953745801074 0.009116190765601617 3.1943574075462164
13.664183335720288 -0.05141632395426135 0.0019750928995005868 4.218616850592681
505.574299710197 0.5938864763189655 0.004327068248032393 4.005697989879921
16.06401937572539 -0.09009964920339489 0.002595122470283728 6.261623902828594
117.9280848192982 -0.30020673648640395 0.011384500293186982 5.756789928607247
4.714110390005935 -0.06501688317305171 0.018718860476632647 5.320674927528268
12.434609889763498 0.11852025790963183 0.0022199016482016276 5.5457109118337246e-14
15.14087532707691 -0.07447915549590339 0.0046372916109504985 2.773871454309908
42.249350893739866 -0.13462666793369 0.0037043469793971526 1.5020770439479643
20.638772447861005 0.1096402725418486 0.002600834726002666 0.046977402500735004
29.574290431532862 0.13170908706136297 0.0038323000852423265 3.249724891216749
28.466072208336925 0.12862755122305275 0.003832506432212241 6.1473231764462755
173.5479169680876 -0.2763303102170567 0.007902497876644304 1.2033245431116733
62.46963385651426 -0.10824141594322573 0.006900284548666017 0.7412489347428202
278.21823431619276 -0.613463385977416 0.0042571007527128545 3.3794513589406794
17.748301697371684 0.08704975202635112 0.004059289480171081 0.21479276378220463
5.871747021644204 0.05627164470272705 0.01018419503529304 2.2775944622950313
77.13664419762128 0.21317748879698506 0.007742589560616473 1.0463605494025895e-15
99.53769170054599 -0.23318724452046058 0.0029655775346404986 6.25812139681196
106.31791399634906 0.40187624374876063 0.011459393561433938 0.8024173115983755
11.204365757576719 0.10787461571707505 0.016470972452315356 0.027486576114332296
223.15893667758752 -0.18553481894109347 0.024841204998564355 6.28318530717952
22.6408156849902 -0.13613565625901203 0.0026296652452416015 4.347681720661504
167.33147753544208 0.3312850819415628 0.005506243476841308 6.162798906599873
193.74454203721987 0.25876106557077894 0.0030389486211089057 4.638436624804037
467.54795453788296 0.42944663655294796 0.015537035296084018 2.6775603687985066
77.90788619574133 -0.18753959570780154 0.003625894614280687 5.808562617980184
32.15998331222721 0.12467232066636441 0.007309747198015697 0.3444122510377418
5.610999363989829 0.12052581656695996 0.0038804283650085755 2.037309733543437
51.866003060743964 0.277744480944992 0.005506452390423824 5.827053470092518
7.6026106704043785 0.08476036195167608 0.007179827884762622 3.160120652498293
14.475867933860792 0.08300818416445907 0.0035278362033608858 1.5299615493482264
105.04954957522467 -0.2614916401214407 0.013907923792922546 3.0976796789078436
51.15417314029147 0.16291395258723934 0.0025386554235052525 7.650681648954705e-08
47.82319708604709 -0.137142479011159 0.0023091742724139904 6.184567923312563
260.8579526129875 -0.45638785479283533 0.005284571652435296 2.630740537194812
39.222666603830774 0.11008240057733887 0.0017674452692590563 5.962108036122375
178.81219401263428 -0.26450705373066985 0.004235121279469834 7.676798564116998e-13
16.595159735937276 -0.10920454671063895 0.0034479314966129825 0.15501593258874727
16.403482213121055 -0.12521454364438794 0.00226096167075039 1.6709989235025744
68.58505915808423 -0.19477875918333926 0.002506917369941445 4.347631838174338
67.13236885240363 -0.1299692576855781 0.005875603122284475 1.8780350049690724
7.282238007419128 0.07064505268544738 0.004742916429029811 0.3116763967216026
7.912131147641112 0.03149626191283694 0.006415333500776488 3.9442441595149953
64.06520935248818 0.17463192881438228 0.002476145897838684 6.00463940330233
13.482780931922576 0.08826917589932334 0.0027821031347957867 0.3573768101235372
12.347315960636358 -0.06074695808716027 0.011598243990458326 0.4178898545988655
56.60283080188381 -0.32014793841574923 0.004021723261057543 6.083780738190914
4.759817969411057 -0.058840358684225214 0.0018694911443971909 1.2098602041097315
105.28941660673537 0.24418155218724025 0.005331012958065931 2.42942602333085e-05
10.785444445384211 -0.05703753584150109 0.01853791355854674 1.0498478251337928
238.87172265120083 0.5160578475579396 0.003693450049509397 2.398570397992227
82.82172823240411 -0.15212158962372224 0.004943469427483364 6.191804462328729
35.72363365953612 -0.11721681623060912 0.005799936849270424 1.8637591267071711
7.796969577944726 -0.037913057583076684 0.00309655865070042 5.51667574370796
15.023684115384585 -0.10078148147293961 0.001836583316484166 6.266257355385597
7.0529211793822215 0.037410582444454804 0.003083917971253444 4.562282251523792
15.410952495495316 -0.08279612798692237 0.0038598038292683096 6.280142369257702
45.025715262924194 -0.13262640733863637 0.00881020748642371 5.30817620980158
9.922312934286575 0.0755573686283833 0.004772411727586519 2.2789227998180044
8.93512779989349 -0.04472818010546645 0.011464427920308922 0.4296082639361645
84.56023352625222 -0.15566099999999097 0.0168360137066905 0.0024066157022285496
5.617268937776034 0.08036947418793361 0.005324600094201888 2.0155135955822345
510.1055747591976 0.3962507985798458 0.002809143805755582 1.714452763379802
321.20332750789254 -0.3122418212352615 0.0022893939282879884 2.924768517359406
11.997193352817538 0.0771650566030255 0.005199098462053131 5.829088704117505
143.11871782745465 -0.27121197319658774 0.0020656492431169278 0.2585805146624807
20.59913446364438 -0.07870820412282947 0.009938427991591097 5.643703935477144
61.924151422253075 -0.19474611221578342 0.002015483760209488 5.348589628768625
7.398561005602153 -0.06301980456859388 0.0020078399571435623 1.595072928575138
27.456389137451488 0.1189440129051691 0.0030427859676304143 6.090409589827121
50.64537813781337 0.24980644403497543 0.003000493271093016 5.0167125819579645
333.07120781484457 -0.299654913945213 0.010665167331349621 2.2043476715168624
256.5714694939138 0.4767723763156051 0.0027144065447563944 5.851765477994665
3.563514999822288 0.047106575916104565 0.00303654754273521 6.23407327273027
25.456985214671924 -0.11962054673443781 0.006723395891932149 1.000619973262001
123.42708448541825 -0.172249577212299 0.0022794466458477317 0.5904035989794125
434.21331015125634 -0.5345344421202962 0.017268588898679257 0.0020521658073158425
52.487387878587285 0.12443128234472178 0.005771697152286582 5.729171855564664
34.129166006184995 0.09074481324058725 0.006570637565599277 0.09310900503221566
102.15188538275511 0.2449344900997848 0.0025374811749846026 4.834812272238318
22.102444753465356 -0.09591383818193358 0.00436875555153136 4.708262260459024
227.71580883922036 -0.6847203161043888 0.0026513081332492946 2.6713901425831055
5.553194573983365 -0.03595373034753739 0.015505421791198437 0.03328370424056321
32.298801608059655 -0.13603747243288758 0.0022550432594171128 0.18970200046621383
24.796913198975385 0.10073363504500416 0.005291902555410128 4.703756498905487
478.65535975239555 -0.5527944353411819 0.0021000297215839118 5.9122565649761e-07
228.8365781845678 0.2845980830294904 0.006925829099810503 5.934229465880091
37.50727503522873 0.12914501232315706 0.003811808679882195 6.183551701955471
682.9805968184355 0.35636991637550497 0.004921683656711519 4.472541464605914
259.40272065434107 0.4947328098516277 0.006563049210578329 6.1256717478510145
8.12317780579035 0.08002264233160475 0.010624240257800361 2.0705220321102744
61.332053433469234 -0.15001608320346932 0.004020497690070006 3.1234682133681058
5.280626263105583 0.044423670137002214 0.006650719882782042 1.2824787470211811
48.69218918337782 -0.10674156739051982 0.004198578939612423 1.5516080966898158
733.4532922766437 0.38595277548148077 0.002012370894747742 1.2627747056590295
29.435478403952132 0.08303184781517098 0.0022206905473201722 5.952132300488976
25.527269161535983 -0.12101500100023047 0.002819797619859494 5.853977968043346
61.31267069339474 -0.1759445086549102 0.005650323931176433 4.714210292925397
277.8739589580877 -0.4376617698801748 0.003579251658418214 5.439156883920069
371.28714747313273 0.5717149616413273 0.00333038385736334 6.153801124780681
75.97208213027618 0.12528196704232375 0.002002818953486596 2.7501124649297606
764.0055386393998 0.4152210509202686 0.016781582399791092 0.7731910234383655
37.155786291254785 0.13225555884487872 0.012880534822721796 6.140014234560127
12.481667647103427 0.1017373769499001 0.0033870571886064882 6.201671591289462
58.54764438499767 -0.4102840144258586 0.003425064280107621 0.05490079731607414
48.59484611837825 0.20645603970564563 0.0027601601283788954 3.4460002867444214e-06
260.3875744076808 0.2555764119576095 0.005438472964738465 3.0408899792199477
12.785387260528301 0.07376090338857963 0.002609061111327531 6.048662382717563
135.00369553720824 -0.27281497050528153 0.0058746666414997315 2.084158019458898
61.036051589522046 0.4048202087515007 0.003028880365816288 0.8600997824362897
37.55694664177589 0.17158805420912415 0.0030950020537019868 4.973046955874998
24.33508635087396 0.10319575201823128 0.003283184211737615 6.249688030109485
16.58524889587058 -0.0863134088296478 0.0075034449634161626 3.5207539079966494
358.43773404549745 -0.29665778438042856 0.00605063406622568 0.5314792360638879
11.279879971102558 0.10653794533795571 0.002988367563761824 2.1713746206672804
2.8868312226554655 -0.02231597828938127 0.01272907280567076 5.039045022197075
23.266304122665385 0.16613718363267105 0.00675172577524337 6.097624416107523
9.318946214262683 0.07218663649464949 0.003411853641131793 2.7509735357130074
133.48985322001914 0.14855342663958115 0.023273504172252386 1.7961177180140437
11.484202033689572 -0.0731088782019888 0.003791559102712955 5.89344190059285
40.15978915605024 -0.12291233584539418 0.0022564191248425625 2.826159484216377
41.40659346528212 0.14466892003560355 0.003743113298935318 2.9696037488630775
22.869623837076315 0.0694461353398681 0.006482461122770072 3.9367032876016332
390.98220369964923 0.4194107294399161 0.0066571334029200575 2.7601702874617146e-08
48.22480202233984 -0.09338224179825211 0.003171767367509541 0.00015774956989029177
117.89883703449195 0.19323022991301037 0.004453510010170558 5.375210803435489
27.99284100732267 -0.07815259050659296 0.00358216045005831 0.055488624081459555
18.037450843094906 0.08227817004656202 0.0028332206047745005 5.999112628833471
315.47296025040123 0.30430171798902395 0.0031933605785649517 2.853076431371061e-13
59.52475499940061 -0.272582745586993 0.0036898734751393113 2.0136480094588927
19.962141600935393 0.08801714550592307 0.0024601891891850923 4.672286877852198
9.88289506949871 0.06225054991723766 0.002016232625174856 3.7524895029965726
26.692780030282243 0.06995673236141992 0.008609899729368108 0.9592867644205829
12.117624707563897 0.09531506070790757 0.009629005010401731 0.6621922945897689
539.9060271566539 0.6429665048869924 0.003055034526020202 1.764874908099531
82.70259115862797 -0.1420163796268718 0.0031602197278663073 5.560015259937958
187.14710093982416 -0.4101567423200749 0.004080266787028666 3.9424538194746255
88.3378250667479 0.20395237745066885 0.006276554451958446 0.7668618486804375
102.44292632157 -0.22969166590032114 0.002989675859400257 6.083039649146136
20.705286814061253 0.09366336339902642 0.0028462630345715318 6.264825156110314
211.12926058699927 0.35659548310686184 0.006458262449323356 6.069197031863922
344.2187446788593 0.41483927803414233 0.0018239597587263164 0.829084726280402
80.73876425144311 0.27503288021610867 0.016625761279955343 1.168031122339088
71.01073159841039 -0.14242800379143605 0.0062944993662148166 5.531100885674771
11.943546408076843 0.09901760543994628 0.002253849308511306 6.099622000381505
57.97246836675301 0.17367640698333042 0.007918268890421212 5.438537756726147
16.342194188652652 0.0642944041926327 0.002709818809019706 4.766841820172372
286.72091825833496 -0.4606585349549561 0.006441917338460038 6.14018514129055
149.9041879866698 -0.3413763319951586 0.002479276634155223 3.4496591436944644
314.2637378638201 0.3449606781965173 0.006164286986253856 1.2703221648113756
200.96034270932728 0.22384074688256694 0.0036772258706137435 4.783961154443704
7.617062850354158 -0.05260439136431243 0.002608583724796878 3.2799162180158667
6.439413887627859 -0.03497064476047164 0.003869347790198774 2.6053657689811045
17.747110261121218 0.05536060772264395 0.014469195156879002 0.8800004021247583
206.27305259196913 -0.3017901163620794 0.002450492380280436 5.621138044521359
76.57779867239896 -0.141835181665455 0.00212471386983278 6.230519966011685
24.0139605292658 0.10374568896330955 0.00903932680881719 5.612258154199817
131.37595451118682 0.33244961441814025 0.0032587864737528404 5.1099867768658145
42.08005019188024 -0.1372481912856509 0.006210038977367414 0.720256172996714
80.03966530733427 -0.19342498664835636 0.0026794985266524285 2.0937016145519727
155.98115222475477 0.22328980089760564 0.003990572466641092 6.228616870619554
51.31302464838147 -0.2127142486454721 0.00484062995711979 1.0554898638695769
124.55790877047447 0.30922554951516057 0.007057519578859016 6.243259039576363
6.9081837907388834 0.07070221165095011 0.002333483332021182 4.084955865714238
430.9635394258228 0.6602766959010014 0.00854456215431853 2.4991109176098143
131.44539283642538 -0.38519197135550487 0.002302217059553978 2.1095295618077277
4.16459571656804 0.039914456774413215 0.005941622325634903 0.6408858076994437
217.5836626812189 0.19560500803917785 0.004294726816766757 4.938359863256813
7.354456204758634 0.07467421309449089 0.016756568465078236 1.8956768109848625
16.804002221808833 0.10551935602563492 0.003102752490144173 1.9613023521229014
132.72496813801237 0.5786082981004981 0.002808478160325627 6.095751289920967
29.628950016859548 -0.12387331243407634 0.006035762620360099 4.196620948993482
193.95339208445526 -0.43414412731311397 0.005314782847315876 4.8322096285667975
4.210431466712909 -0.05602955423890073 0.003508657385334527 6.134101448383796
8.743577104791047 0.06271412240028196 0.004547187495306988 4.075696542755991
215.21970203294913 0.30293696375674417 0.009652237205844861 3.745840586569435
171.16285778659093 -0.18811299999999992 0.0026222752779654517 3.313131609330397
268.1055056368926 0.42379221332676886 0.013392076105669936 0.030616485876896627
8.536497471109419 -0.07012963494314925 0.005864585612197486 2.921958438696329
99.53339678011388 0.23502786807770115 0.003285088010546146 3.076980176038886
259.4973509800404 -0.32432859663106106 0.00404442679326098 2.4134515417325845e-06
49.70629119113895 0.2417943481547244 0.003625694264765052 3.755804414161414
5.17212721827937 0.053683800381024466 0.002753278587862664 6.139497422938594
156.22651559404446 -0.24956423502989009 0.01722000693576981 5.066182824535419
41.12671760912348 0.13782546313197874 0.01725985987831836 6.003325365160386
70.37810165195842 0.2613409866845706 0.002059452961252942 2.6220630044113586
208.66199711553745 -0.45378085772175036 0.0023963796793547492 5.18669162503267
14.028933710650767 -0.09309409548162037 0.004590465201215221 6.225111344970509
128.8380024977579 -0.3359778806569113 0.004569835982693623 5.983818327838441
276.057344335649 0.3380541083122258 0.003683539594453557 2.9419133934496764
21.263354221439155 -0.1036853081227854 0.0029431566043469706 5.921978422082113
177.06095510353518 0.38887057312261486 0.009613355910881683 2.2762750337884
19.13284124031452 0.0733115916111321 0.007861403464963031 3.9095680974586764
71.16054544399324 0.31124756003238163 0.004466194580182692 4.728236474289693
215.14902966976084 -0.22488171731082196 0.00256633934896986 5.365964079941808
21.22550603768716 0.09829608056595032 0.002549806440212448 4.62281872564703
127.80156004413456 0.23733555813384555 0.003177543088394745 2.999566908287423e-14
104.02942008370677 -0.1886639741617116 0.007141672288121735 5.093134521752238
83.99630342707096 0.1274072274557172 0.008980723627488493 1.0137894438289283
282.92914888326163 -0.19496496569403685 0.0017798603144368796 5.277433892505349
55.376420166258946 -0.20900058986364745 0.004819796008215255 0.9360513195337453
13.09898856880572 -0.06868339336317766 0.005505192116515186 4.96205531246829
133.98217398478747 0.5510927580991697 0.002996757509491692 6.066215716711839
11.395074198803147 -0.08427989278499662 0.0046654591262432505 4.320305954914193
44.16507193920794 -0.20697035711469072 0.0022771967694335577 2.9409434196945528
325.3134525505015 0.38151142969049356 0.00758379656094961 2.021417109634584
278.63557353677595 0.21932374648392317 0.003109892055402066 3.1878103169113206
6.378317530267625 0.05296355988130409 0.0023330786204382027 4.654154137717568
76.9126623125539 -0.11326099971448425 0.004210556638588589 0.000612484930062867
75.98268215907197 0.12663583640135678 0.017837895951043563 0.048720242469650975
19.018898200166518 -0.07912612660221219 0.009511823355874032 6.253510645661483
205.29970733639757 -0.4204607819497605 0.003152053935114732 6.262406145184287
7.416367500626332 0.055656200019958774 0.004243269775104869 2.081071658121403
71.03339576338556 -0.11291371629652991 0.01896221217185766 4.417737901028387
17.74117236725177 -0.08128092637431408 0.002488883925604098 5.744976833949219
99.00188756280437 -0.2394767934702008 0.0037801509388425596 5.601949144641384
24.07379895762327 -0.19470447223508833 0.001967430423133908 0.0022260451437411816
166.4168658045558 0.35036241331634144 0.0020351061760515068 2.9019166674579674e-05
9.969618518946959 0.05073830129100543 0.0071992794695669455 6.212682257416787
154.10733708646092 0.2347386116582384 0.004626132880316968 2.5741782894996827
15.393203936031957 -0.0795066185136808 0.0032460352919143447 0.8010542064551336
10.682325113395299 0.07227739314925925 0.0027636062388631385 5.885039334163002
34.11372263227519 -0.09010080473071702 0.01091293006460974 1.3292406360650815e-10
63.393359116844955 -0.11186253108080357 0.03087150029247733 5.815151451227078
115.56416130185765 0.25564232923550667 0.0021080455762171988 5.037923639999812
6.525778166612338 0.07109483590362015 0.004527666717738047 5.0816386198254495
373.74809099526374 -0.317200898674059 0.0033672520320202123 4.751387403473011
8.34685167209586 0.04963194328779935 0.0034328589386816983 1.833139506165975
80.67509683414623 0.23657797302424038 0.0020575083307631057 6.124126146782216
11.239636132418699 0.05981249312239301 0.002806791599508446 2.483908360177148
488.3640215590474 0.4039514835368332 0.005453085034236122 5.959471550652548
56.40277991837378 0.13753820200453815 0.003978358113124634 6.113391367569475
176.51270417298397 0.24343270678152118 0.0026683281959093332 5.395505024692567
23.499850438221323 -0.10646922489460711 0.0023752611771478875 0.3590864912392711
232.4679435349017 -0.2539581765697613 0.014048822781524356 1.9475989810760195
4.6426961002061855 -0.036904620193132356 0.003234925787014502 5.596769539259431
152.9674575843645 -0.23881842520642055 0.0062212983261197286 0.3955022262882829
180.8276331373429 -0.28470854059429734 0.003721716455221272 2.514875907635312
20.926813901746247 0.12355776617179098 0.0028707691867389173 1.8258475287259908
13.741994240656844 -0.06661063332784073 0.0021984259263060275 6.071656781354243
18.06261995949981 0.07294580100396186 0.0032115125692529353 3.9877677614963503
200.1187584793111 0.3797365347731788 0.005629984169434833 5.667719283460214
7.200010458514976 -0.08695350338946002 0.003622551281581815 6.044121652966301
11.564200877390842 0.07181554741935825 0.0026655526725279564 0.6146578619594406
34.78789107152604 0.1439900573407275 0.0026078985385076603 2.930813062699127
13.009756910262293 0.07985443520361674 0.004627529397955454 6.057772993606601
100.22881749186749 0.18783329025396123 0.039632461436072484 3.69664923463828
30.021141039646317 0.10326243925636414 0.0023132458786375154 5.391535784623239
120.52962371766681 -0.2222261946903259 0.005033620338129513 3.1609714900515984
41.078097720870126 -0.11447068336239133 0.0037514303593901605 2.505667145120308
98.49958754609462 -0.17504987717821674 0.02171973336012579 5.799214321478098
17.256121551996046 0.06838287332332596 0.009641571564233575 0.28084057425706893
160.84728048481293 0.32932648419665 0.008487943201621325 0.19438906634903333
7.313884965371951 -0.05451987001994661 0.002526650287898942 3.6099843886696874
64.93085535003432 -0.14838491520166264 0.010045832849394651 6.136255968642092
77.44750367065528 0.274407741136264 0.005267408141168493 5.217490049067861
59.126190474040314 0.18244952701934064 0.016190958177926408 0.32071165789430545
19.36672442363099 0.07182665603164953 0.002869943101000848 0.13763887645437609
7.570923069661044 0.04710937975675267 0.006278563085703976 0.7324178917449028
317.32157983763864 -0.455678972673888 0.004964142258223029 1.8775453307939485
6.703083492443552 -0.08340602236370841 0.017247242169628373 1.4193408743787386
11.790449598275343 -0.07718623403568316 0.0018571189905710116 4.6849533041377756
13.471980126319222 -0.07722799748177184 0.009298466932458808 6.219477162115072
184.32747809837917 0.26224068064814654 0.018013107457845862 5.063203478456024
48.31774054132886 -0.18766824660192688 0.0031726941833633295 2.3508233676578177e-13
143.96547432574002 -0.2531983149677127 0.0029287914262107226 5.7220062661596165
168.85355653496933 -0.21523699979349437 0.01721399647907973 5.618553171832169
10.640951430763417 -0.06908561094872746 0.0030581814808609744 5.610707532468602
16.89103082342129 0.09019296626358475 0.011297133398116515 5.687585508630913
57.40504656428068 -0.14215774052325345 0.002839382836942405 0.022096247831419735
186.6185162128855 -0.34702737705617254 0.0030277428042078014 2.1893542209722945
745.2289972369759 -0.5480749414297579 0.0065346201508492425 1.6217082615286533
580.4713576389289 0.48739464939722754 0.00238266554510911 3.05716376972256
26.274593792002204 0.12656933076675592 0.004731517869087104 3.743180472062864e-12
16.11460085449394 0.08174082101490446 0.003761499215174988 3.8648149504067506
8.491297355427053 0.053651075080118765 0.007440513098057841 4.5134879311228415
270.1449345883191 -0.4737873832565387 0.003913939653908263 5.742159196836259
52.85964413394291 0.15328804538244395 0.0028766046587568993 4.467719184438635
21.690155465907797 -0.17039632002039115 0.002451590170873681 3.418111128048459e-14
21.302799697646247 0.07529546723086356 0.0029918167342047226 5.958689882234405
9.302519699445847 -0.06398806231299607 0.018726322677829848 1.9307319603795
33.17872088542218 -0.16504546630228742 0.0023029250436214983 2.7247262241985437
45.96907482683296 -0.12288473801337996 0.005876643837427034 5.757715056497779
27.73369927067766 0.08359986229828781 0.019464508106145088 1.4071307431008078
101.15301476225872 0.30901428972280165 0.00820577839858075 0.009288252259195866
111.14647188408773 0.22274384429698246 0.0056460106568665585 5.706786626312605
536.5030155219762 0.34040296136430315 0.011047037497621696 2.2898274311879523
62.34761038576664 0.24810215912402078 0.0030019610612461475 6.1196971896328245
9.68373156381574 -0.05289209416084084 0.010762787634062139 0.6208007919149265
11.854305392221695 -0.10499192648838321 0.007281489709644743 6.262494703457033
10.06751104098709 0.07418908939810662 0.0036253714395085867 0.33451643153549976
41.48095475753214 0.13930384699315557 0.003093138578361929 5.887183517239977
16.35267292955339 0.07000166488824083 0.01088056181995415 4.731941559778914
257.4540164821808 0.4373412100735905 0.009475290742740956 4.433695715326486
26.525589078747785 0.08481029165294549 0.007926748183990362 4.489871043820473
36.68454991931677 -0.19498992230551132 0.004483861059519762 3.0570052367455043
3.34487884995528 0.027610411929963247 0.002602644527479453 5.058927886306027
91.36792979033301 0.19071813961628709 0.00628311922276283 2.1147377697386824
615.291977320815 -0.4710008250181412 0.002394283315530669 4.12395478616103
26.59247285755349 -0.11472047941395197 0.009010063096099044 4.762722317537749
87.37672550335947 0.238087986676918 0.00501694125934426 0.1527429667420751
46.01062372703263 -0.1808268695990461 0.0028309806258143607 5.751998169843984
76.09006649899722 0.2721223678333705 0.0032271773091255883 6.251667174403261
12.066750520269114 0.10067735679799464 0.00300632016024891 0.06885679242783875
99.78015444594479 -0.2727459850616833 0.003582581277666188 3.401850841002985
8.000552803475797 -0.050336204211474556 0.005647874659956058 2.2483121165973206
148.15726519447648 -0.2827566997658138 0.0024132648566041405 3.545034369205457
185.20552989285682 0.31977467519621283 0.0056699911828653115 6.140973734114214
351.55431454440077 0.33767981716106255 0.006730805959713094 4.754443715575784
18.788630081037777 -0.08325038629339601 0.005524294125605437 0.9570862733511979
269.1102282321536 -0.5196161936540091 0.005755690685547067 6.017652499904771
251.20802170843706 0.22509088197263838 0.01385173927467138 1.809357509177439
149.9587993847306 0.26693754663206537 0.004071553025665254 5.978015476696479
124.6738538947518 -0.31270829340808015 0.004339445266965187 2.8316001562693627
46.624636353866904 0.17458622359944376 0.004612575662865223 6.1097959475875845
69.7471826794977 0.15025337977633207 0.0034174420660817786 3.457481670926127
10.541633546171976 0.07519862887390236 0.004212007871752187 2.6539191401347677e-12
62.153504457337476 0.17769958981781972 0.01747570003150823 0.5092019356559502
50.539255180817065 -0.19205925059218518 0.0035280317923860535 1.8979494546801348
338.4416240152776 -0.4442847878735418 0.005734141083404446 6.277005486529322
15.675965376466747 0.07356090701789916 0.009006368045832637 1.891217096383657
45.45863853933482 -0.19169075561979104 0.004142169012342675 5.810627249400219
16.361281355437438 0.14276289803882886 0.005035098473165364 6.051797183206174
14.146701648861137 -0.07516817128888274 0.0019974832866816194 2.528816894619857
37.6947255782498 0.13239573403400343 0.007081975524056644 0.8380158721338055
215.22496387455772 -0.4382969671189698 0.007410867453733127 2.5515528074643306
7.52568708710587 0.05361332368284058 0.00395700245483103 3.6976575326842482
86.65331825750803 -0.08526399724387528 0.0029458750153137513 1.65979009709322
36.698740886422385 -0.15987851855497587 0.005906442574915774 0.231023749442898
4.40307697751645 -0.06787167832338839 0.0023766888979645643 2.762069562271677
69.67463608299671 -0.12115176419484508 0.003920451676852477 5.180659681318705
5.264925446028972 -0.05587465578363961 0.003197649444470849 1.0572114606687573
11.565173600662654 0.056457353630770646 0.009399544843007434 0.011807943614250575
1033.0613521326916 -0.6034710089612477 0.016893481408538795 1.8053441143256221
46.90611241041377 0.18582896672498045 0.006957176262191032 2.2533640869659328e-07
73.06086958821759 0.18609001034681932 0.0028300714074891136 2.8946043801195933
12.335719823361362 0.06996616978050879 0.006168553412353568 5.512417530569233
9.328602329995029 -0.07226203108746954 0.003630558415390774 4.99125239993658
256.991181928716 -0.2981465831548751 0.028828922424857656 1.9455059765766436
50.10035226065584 -0.12666913507909275 0.01581201727598728 5.801970727555666
58.15130297263311 0.20300217950597532 0.004161290695676887 0.16951677829084383
38.67151955511404 0.12042022779988654 0.002321358044869629 0.7104150089249405
144.88723228536847 0.348972358590263 0.0022214759851770416 5.114819795048373
9.878708409192127 0.04263569013597934 0.010216772717939665 1.8974004629166958e-13
85.10182854961882 -0.2617445420317444 0.0027778964513788347 6.146996397489177
385.68329105080267 0.6092438284464843 0.0022207455545937894 5.850116110833132
160.48340574927224 0.28484821094554835 0.001826117071559134 2.2390035951781115
207.6134718273307 0.24001603358715407 0.01741685846937843 7.432536157464458e-10
102.04936473082844 0.23998470483247453 0.00298983745373598 5.553171535753726
29.916440790399967 -0.12691278025649128 0.017411032923365863 0.6410949680069816
752.4667265637759 0.4878990540480742 0.004097954398965974 1.9871687976364243
110.46441951011545 0.21050005444029884 0.009173708261322359 0.6569757696336151
59.82348882033346 0.20409733393270563 0.0032648070600755463 3.095496535988176
22.077764285827094 0.08368960176581469 0.009936400265843312 0.5357456473987481
103.82314858773812 -0.19794954648631274 0.0034287806434685616 2.799976584467746
14.306665385789303 0.06826417606934534 0.004613978376565945 5.898851033016862
65.9401701624605 0.19170862685158108 0.003540465170528094 0.008432939642144635
18.838226886815608 -0.09298932624485884 0.0062657580221020335 5.9799744640606525
16.10978187166229 -0.06810744094856794 0.005780139269678401 2.356033628487056
294.8040787079222 -0.4952676308247586 0.002165387451823802 6.090500617275809
273.0693078464737 -0.21623043023531718 0.0031150945334264967 5.9963075062001945
45.137813408362796 0.16414207306909134 0.004598151765236963 3.9994678513851203
11.30125475767364 -0.07698941744196544 0.0022920186645978328 5.581885868528868
163.0774338905738 -0.35160157720085816 0.002625726258673142 1.636994946594658
17.560936823431724 0.1238147487690422 0.006272654720091971 6.018767118992326
79.04956280866307 -0.12575116884269144 0.002084913405714581 4.945372657886867
48.844706282046246 0.1266575744528985 0.007888602428146797 0.040002761320654445
470.8520973353929 0.38379499907198755 0.00806036383614074 6.0256734353383345
6.680872778740842 -0.03898340125247109 0.004959569446685724 5.572971134196392
317.55910488645367 -0.46991917233386293 0.0037406348792267566 1.157077189110873
15.16868732806569 -0.08006263188244286 0.002570539140597236 0.7543589990500449
108.10993509132044 -0.20566066640282787 0.00879103345687927 3.551505875361682
282.2428843324058 -0.3123479090290636 0.002135089646413896 2.8422513144490944
48.49692588400489 -0.1223474352806111 0.004253275178761819 1.2526829735364238
16.01070313148894 -0.07762710595474154 0.0023914894843172097 0.21832409827381277
7.141129800757956 0.03226160952117055 0.01294142440029323 5.740921062320354
5.263440657261638 -0.04815783764319595 0.009088325086356205 0.027047870503113802
7.9363145341827055 0.03439031069358808 0.011824294867471103 4.880702802918594
78.18891237259938 -0.16451011298590312 0.005107019814131479 6.116087346811203
385.13329990694393 0.35159539240996485 0.002145172124528558 0.00019822309246406825
66.55197568885251 -0.33348720916434177 0.0028366748406451455 4.023512476621565
178.83047656094232 0.200764562665108 0.002521959414033827 1.1980192733255228
10.624043455306879 0.085744834971522 0.014741254116478383 1.1000916812387074
147.33940762880272 0.21263049526415811 0.0022175435855988743 4.964832660971505
67.39868355222977 0.24942609898746293 0.005811294297624706 0.9566641335442304
97.23233377885822 0.19620935388188243 0.004770429641489885 0.9725838561294999
329.44325446505223 0.48046531353512867 0.007789118974507832 2.3939377945336053
43.34497643476778 0.15054615043929076 0.003287306640635897 0.00046290220996262986
8.701330750423292 0.06451530511907622 0.002081788357767016 0.31926585483379777
17.403806930823702 0.06918599615288268 0.013694275628923589 3.059940157429918
82.22979129393731 -0.16429595868200714 0.002756195467605983 5.557839462427277
113.75939149802218 0.14596612482417198 0.018363972627501852 1.4447605022557986
12.440185570386353 -0.10092977857657712 0.003932252060337274 2.647316451001719
166.73745803979105 -0.3155360878305498 0.008729492173501562 5.271682705355796
144.1499953986303 0.15597099959125027 0.010414222091002068 5.883895526224412
28.916759315596565 -0.11151144597044463 0.019390447274367145 5.569542473712702
85.6835692252551 0.19176654154636513 0.0036211327080485516 1.4564301865321527
26.85724935614699 -0.11526808395653465 0.004557697526662356 3.0379651036350883
5.53623639085615 0.06937187385240251 0.0030491078802124386 3.1607487465853468
14.502517731319765 -0.07072794971413231 0.005921105730336083 4.9439288827663885
91.44911179344928 -0.30585852261093344 0.006131337496451714 2.8866861203615515
29.948716503019746 0.136363603017787 0.004585967908983896 1.8938927686557614
7.617927556045951 0.059398462628197896 0.002571306407479816 5.875172742898867
30.634905377299336 0.1287030690199789 0.005962530742382548 2.836725640927387
14.354840039855162 0.1203930923618084 0.0055362526007080816 0.6561029060903918
11.699745749139485 0.08098975344283002 0.0025593543342839445 3.352083276550584
52.689092851745954 -0.21794874990643448 0.002999118267224988 2.0935848933629617
32.909831535660224 0.12708903914731184 0.003673415121400188 4.150203323716599
23.975636643881703 -0.13206657158726795 0.00891499567619504 0.027792613547347633
550.9439403523995 -0.4656918998300964 0.009465356003792294 5.795247225916813
32.68059551240903 -0.12871968098282663 0.005286094016559305 2.306746025253281
129.66651748360326 -0.1755857540844334 0.005473090812976767 3.545453999163395
112.08902589982658 0.23725458925297493 0.0033359015574916566 0.35110561402571655
481.4225439022789 -0.4368929506316095 0.0143658066041649 5.849566291731534
123.81923046534698 0.328558326392431 0.005421729481288256 0.8609190864952683
148.58889595295688 -0.4910054005243178 0.0027322742822229054 3.170146471273416
409.885336473252 -0.30438251029531516 0.015562078669867535 2.873870339468363
79.40925280124088 -0.19664409153334395 0.004487352117722008 0.02977952692858486
21.33171692866026 -0.10684491296582796 0.008557705380141476 0.42556605146593807
93.89834013419392 0.27156805878832807 0.014291760068671666 2.3482552073715834
18.70602669558323 -0.12171058122970657 0.0031220426184540755 1.3301339440959334
650.711935704665 0.33686368371827635 0.003810080778517173 0.002106217701297674
5.373002288371547 -0.05747343236319967 0.004447144746269343 0.9931268349526973
10.699032540201214 -0.07778449621189881 0.00590695936061488 6.283185307173528
661.6480888335097 -0.3099298080067574 0.0026473673800707477 5.2570380015228295
10.664724758952824 0.059117358348697746 0.005384829661988402 3.4833942675443526
265.69791181905157 -0.4020332782710636 0.0025865450964995358 3.2258648642652177
11.792001485838593 0.1030038117145162 0.007116355534851342 1.7305817273608017
16.078926872555016 0.05837814586418241 0.0022016185059353754 5.587114062360377
56.95864140695873 -0.3133199999999993 0.008117486253850512 6.178649404235516
253.87726260183695 -0.1852160880154914 0.0018579904546639485 5.289246330895384
32.93816668020853 0.09029749487718541 0.007087637077767673 3.3705424830259942
430.61234607517025 -0.47829228507034305 0.0025993260771156527 6.198301793093501
7.316695989240988 0.07428434302482784 0.0025672201481085834 1.6486880612831736
68.48428205736369 0.2381661468084974 0.0032877836972963095 0.6998843480004078
140.60139885220244 -0.19314930290891832 0.01700542097422752 0.03273770296521565
163.45504685084555 0.1536494368184329 0.005166012015725318 1.7213874190001965
299.29741961442835 -0.534464654757466 0.0062315504040754855 5.905089307257351
119.41788058081359 -0.314837002734596 0.002561423665274747 2.000970585987543
245.48083329875632 -0.5264792585813891 0.007984761918713716 4.181461748635328
523.2804121362988 -0.35527680978468845 0.003430908492095286 1.005927043505431
31.10985033997524 0.10429973850731439 0.00357793243778527 3.7981688202321027
17.491981603811684 -0.1155092032214539 0.001892000874507694 6.190946844774443
92.48777499653596 -0.15587135587416773 0.0035545950388444782 3.487868498008632e-12
6.151356792318594 0.08096224471872313 0.003009355879931593 5.427861877536526
31.287692773528267 -0.15803049152241275 0.002381682284298513 1.2515175315404168
162.37556451155416 0.42860528508100115 0.0023145773130111218 3.6086144779929556
61.02638324566472 -0.11219804337123021 0.01731794880495191 1.2823772028742126
17.403436536151922 -0.10380626751783881 0.0044141655416530924 0.018292542831465936
338.1591072215623 0.2968576346632018 0.003251912227224851 0.000566640047149856
291.7711467370634 0.4314521891517631 0.0025871996983983393 0.7988800122893076
35.72764256319815 0.08805451378698181 0.006658996438155308 5.541309281516394
10.981143790229963 0.07548138125005362 0.002537324541473647 4.167452980671045
9.821069019300777 0.04711434643035059 0.0022783963402781358 5.754361067606449
11.911084186909052 -0.07192718773668821 0.0169374004956272 6.131634677234743
22.987877617627287 0.14415132574994505 0.0042334941982038075 5.940005423433685
