chi2 A omega phi0 
20.4898443649244 -0.0750583178721226 0.00857394949953657 5.549481586786691
6.575831961085701 0.04696940336286315 0.0052537184211252025 2.5637892306724814
61.263775958407216 -0.16692540057647173 0.009861378988790187 0.7844637626114375
461.5738440285569 0.32784231133698305 0.0035939799947328948 2.3814922326517083
17.845498704627587 -0.0844740729151772 0.007050714362540816 1.3423896750354527
3.283249803931694 0.038641725472825794 0.0029923644908176716 2.0554324005503584
77.93555943943676 -0.25100710102073576 0.0046245949856727146 0.1236211825635709
387.1364845236859 -0.2148419832048728 0.002090637877687345 0.9492747940077237
21.888936644361504 -0.059608190787743515 0.003246044974197377 3.3349434699822553
446.6385256800483 -0.38709695397396326 0.014672279010040373 3.3165570079047657
379.3119050560744 0.3524249519235201 0.002792081683324346 2.0823761724086376
74.54123166765767 0.11204579117965924 0.005308094521436867 0.5592196596451178
119.67470716232191 -0.34281116693570124 0.0039197916296874495 5.27326587016603
81.18920317695061 -0.30157187428293736 0.0031595223726310377 1.9690873368191
497.1101949430219 -0.32846399037237844 0.004598063869840932 1.3910922523678173
89.54176856356426 0.14663671474806728 0.0068265418772641955 4.216833014092436e-11
13.150298237712239 0.08074006210177462 0.0038814505937894003 3.0420827589192876
183.7989437925409 0.21041254801767217 0.007047394432964116 4.285507114954461
6.095987290148221 -0.0452903348690947 0.014435690378228295 5.164702249509126
10.626614631137445 -0.04679874368173084 0.007410236400579766 1.2573940328746017e-10
388.88630349217794 0.3928176902088071 0.012046853063193669 3.2138993273484866
167.65310443850308 -0.47803500431264984 0.004935692802349226 2.660192405525464
4.67755804376422 0.06381209109857822 0.0034927341216447107 1.8816695707906428
29.90422223525881 0.06592626195299109 0.003733319057565028 0.7165406838832337
70.73907960985804 -0.14602064065847492 0.0032398039760834357 0.36865032109131224
106.86098484247864 -0.2796286984648486 0.0030487076768099357 5.986733968569964
20.13671028418615 -0.05268045569733387 0.0026000655592717955 0.40924364900109866
75.00129244863317 0.0903145592370066 0.003307110038555783 1.1447174026745957
143.1712310507317 0.2281490481848517 0.02037691261708925 1.962144980717465
68.89030333387383 -0.11370988940545776 0.0065819797781210675 0.20877282767054986
769.9942515908507 0.4720658824797248 0.003728230608379132 0.5075255773644994
43.17392855606928 0.10667087597804653 0.0032827612266206016 1.2150937385803027
16.973704659740836 -0.05556426044200219 0.004835963876818072 2.6295061283461347
18.882188562492257 -0.08710692335991391 0.0029910750282506767 3.69714060788915e-14
243.8255540959094 -0.2916365925720193 0.006809952092265309 1.9432814439935964
245.25363668238856 -0.4704807957561177 0.005583475038319801 4.0355032813890395
1073.0692369647556 -0.30234199999998645 0.016750711285762113 2.877556718661978
42.039387895185904 -0.11777262621867418 0.0029918862928284724 1.9277917220739722
66.41843684665594 -0.14671783240991731 0.005132130570873499 6.233408073755014
147.2089259070879 0.14271941198483148 0.0177876597794883 4.27807000867134
117.79172669609191 -0.1569692041260189 0.0022772187231019734 4.632886066321489
97.73800255047813 0.12690807887164046 0.039876834574449134 0.8210939321413524
32.51420900828071 0.10335112184394901 0.010833612763931993 0.20272431048605166
155.28262568445103 0.42248391718542466 0.004098527671802859 0.6477709073263807
143.52779144630313 0.2301080973781473 0.004696442480873914 3.2736664957744064
83.9374917197542 0.16437779107456676 0.0022464936533325816 0.3145412721169988
54.500915822455276 -0.10572443564574224 0.006815062772102145 0.885374717393777
258.81809338751026 0.30352557995420537 0.003411391413113552 1.1013463674697084
60.92628109996981 -0.1284711409238254 0.0047450872055947585 3.2740049722785027
7.220735548535655 -0.06589405607748533 0.0074688899738488395 0.6938234371789959
95.35142440188933 -0.19896640414913547 0.002866746031908608 1.2320042898713481
14.306107131374858 0.07921009289130307 0.007246851931202712 0.13479160511586094
7.585423327117385 0.052966014268859524 0.016028587635216543 5.149319072649602
290.3406105331003 -0.4804374268362072 0.003231751183516059 2.286854285246138
69.84501667282946 0.09469908733403687 0.003669806424840762 0.34095426322602435
28.37629455481124 -0.10312102464769513 0.009190847102559768 4.364237837793735
78.60840845498593 0.11616223326390512 0.0017942682679381627 1.3348906666845333
89.41520465097861 0.11586995471211042 0.009727608551313757 2.4551715778677567
4.498631956071673 -0.04528373136212921 0.01064163501481587 5.5047049380716695
27.70828419191098 0.08769464450473083 0.016837677721267687 2.8038010956242805
193.98208306764604 0.2156535090354309 0.006065368078599956 6.1549506003228
421.8899397097091 0.5209312321909758 0.008449255000788653 2.5557817175232524
75.84226698671417 0.14835274642026097 0.0031671386357515654 2.4269434007417456
163.29135816559094 -0.19646494512801654 0.008186584152203526 3.8265052132613055
47.23934056929582 -0.10029140625799729 0.003528155841538185 5.6612784837075765
35.550952490738936 0.05818369186800182 0.00565445064841524 2.484079019059137
28.72797504538544 0.19555346795089396 0.0032369697848334345 0.7910106116678861
18.34610754614855 0.08458470910805155 0.0039920152047297295 5.841978694084474
355.96452128016745 -0.2980121776266811 0.020383261201238033 1.0863279419870042
34.1836692339866 -0.18186297617288194 0.0040419886790215446 1.1278546469384636
54.06738185641626 0.15630104093760955 0.0033650560022161274 3.0797858464287224
8.826092464156247 -0.037908611468395303 0.009953815769249998 1.112135450903563
5.756307230206645 -0.028203717226373867 0.0032360644942723664 1.0884242434885737e-11
84.98973455419349 0.19988682396197877 0.005757677836845218 2.831448964686648
208.35366656401408 -0.347622606345111 0.0019958315595731435 0.09903044749892684
45.80880753325662 0.19557544798648774 0.0036588563582280265 0.5449635029707032
195.5626876378206 -0.7292489644794357 0.0056717164250514995 0.14791060853664761
20.745905019230154 -0.07292988991142829 0.004140855311738053 2.082514766091999
107.56503187483952 0.25356399387829504 0.0029949240357423435 0.9167539001748647
702.2906772475046 -0.34003532524821933 0.005678508751091467 5.555837167423622
261.21966814556004 -0.2447152670762462 0.010214240671687056 5.525402690187611
18.836832051843675 -0.07421961995008004 0.007208958877379784 0.5103264589982185
30.05111643240817 -0.07174068943707534 0.01568091205152598 2.3054810771837057e-13
18.38757988348551 -0.06342857189668871 0.00764138205315605 0.44910300766056294
13.03243071340225 0.12262176893460625 0.007001397047330309 0.2485078879822152
180.02433150695109 -0.2609471785038608 0.003679622957459581 2.390003002882136
241.90707395402785 0.16996685053005156 0.02671175158476013 1.7915429672465835
343.0034230736127 0.2578073711437123 0.003464821566376412 2.4754387839763763
18.882073201843074 -0.05760868882797762 0.012282526193919844 0.2833092283565805
94.05294925417498 -0.17459091136557614 0.012173847780285664 3.0854211474268878
36.90570536617933 -0.16097544667045582 0.01149323824217497 1.5586546260867913
9.373825950211494 -0.03979310195693542 0.009675132116220203 0.1428269063105665
10.209270754048877 0.027834258948083307 0.002852652994455674 0.8977923005987618
87.77966688131781 0.15199187150660443 0.014361041388134273 3.1717597648811773
88.12586877068564 -0.12447431433371264 0.004761850186448908 0.9531801349320298
70.67693364273646 0.11108120195266957 0.002667865497940842 5.570575221342543
56.91960223321156 0.15177227702085533 0.0019961333135339503 2.993867578708644
518.1455218956042 0.4117351768441897 0.010396266586941398 3.3511994041557105
80.06474873535177 0.23793243229770905 0.0039056850386794658 0.05145321516684875
24.778837522908916 -0.07104003435803462 0.016496772493113036 1.6955690394010203
169.4274557410561 0.17635990231438992 0.004918591232537265 2.9809965258436733
273.60391190737516 -0.3154901317409415 0.014766831146328086 5.144984375269097
15.42347763543614 -0.04444400845083221 0.009389432357766533 2.6262597372029766
50.652257915796966 0.162907880055347 0.006143052832942862 0.746351770392238
95.65715740838861 -0.268985222177334 0.003626302986183452 1.9580917981409849
20.888070213574913 -0.07487616819054606 0.016605342289796803 2.7367689733836422
48.72783332765468 -0.13751890779840567 0.004517593350182352 6.1483056381205055
5.655867639741137 0.04387740878421348 0.005550342220712953 3.8725347512915693
48.85942875183766 0.1017074073995417 0.014204274791363304 0.9159007301412557
459.13689526853113 -0.19362280451763014 0.014626229975157948 0.9530310935977384
7.05828572292333 0.04081577007898787 0.01978182537549367 2.6280182760904203
62.501635186560826 0.12602342957455936 0.0021266126197534243 3.1042029632276825e-14
90.29328408486475 0.15721197735008197 0.013673801380400488 2.3068821281153133
15.286453619051619 0.04592575450664402 0.002137989273922561 2.224529038370216
44.50681835930213 -0.11787404226589154 0.01171904305171128 2.5219278634806543
79.3718991789256 0.19181256876151442 0.0026166918350607245 2.1748195774274386
12.064342294416116 -0.03833954234398612 0.0035000721705308194 6.120720912415428e-11
464.4507085412657 0.27187953452239966 0.004438911424542688 1.5298971315054788
320.23288282060963 -0.23494400114657088 0.018898003979651558 3.70704900454691
9.331773239169646 -0.04209076414114732 0.009504420311312729 3.1006155087594394
291.93160617135106 -0.21980679094129107 0.0017658363013703829 0.0
81.9372154099569 -0.1129631702534335 0.01108594651712231 0.5901917767989541
7.807712679921163 0.03394532169135975 0.006521782415221218 0.38271666806595694
9.363601261291315 -0.07889363296602062 0.0036934220389874288 1.6452747531039937
273.22802329494414 0.22545100408872742 0.012657565043035762 3.0247476252192516
283.602565264199 0.3587456961921027 0.003610742763064049 0.31197277615557406
25.973527491340953 0.07281319818250642 0.01973102730275308 0.8479936252600948
21.011139980868368 -0.08801443921196671 0.005117465131430676 5.825062822417349
5.506046454213215 -0.034887212870606865 0.0030495909176306733 5.736065715293154
36.71453987361712 0.09213940146603916 0.008003364439735322 3.3567634254700884
121.12446952266205 0.18941977093755363 0.0023715935355864185 0.7854562160910559
178.83794050712257 0.25719194880692353 0.005347474579905763 0.5213606686654556
197.7176849003765 -0.1513201200832074 0.0025484112088783473 5.146164201114542
80.28552766726824 -0.1417071622270245 0.009795134474184643 4.271104891466121
11.450057540307014 0.08251876781831222 0.0022415461036115964 5.605428804194848
351.78349525014465 -0.2980412904563888 0.0033357476239870565 3.6017610682150663
438.01767883083187 0.31829542817170076 0.0029929975103929886 5.207262525991204
58.99890847817182 0.25978381796161665 0.009107323928917572 1.5854781738317687
6.195412156258286 0.02632657244783089 0.0018862674912785626 0.76211558557792
26.80950687911702 0.07937394908397716 0.003921868121880044 0.0432167117862771
70.04749863256863 -0.20904296857329902 0.00408771704072335 2.047333466422787
328.7231085130133 0.6793927196516807 0.007828856493853861 4.633286046757894
16.929087480570907 0.0810891653351063 0.004111037327822347 0.7187377943240058
62.29688137237063 0.11217274136040856 0.01386433620952524 5.57732411977201
20.210738891112733 -0.07210516022104865 0.0029312763844926474 1.5261763669252681
52.308578724259625 0.11787433914665568 0.00986942746451555 0.497680957450735
4.659138431167626 -0.028429081577347956 0.019205860776888257 2.112359738168509
45.46321873093314 0.07783829502162765 0.004833350261014706 2.1460133347389125
60.692928636502245 -0.08332896853431099 0.004869920101431188 2.7273038933328696e-11
23.14886710649527 -0.1366212325353567 0.005436066719976852 3.541544330112938
18.661414293261696 -0.057152075137839736 0.013878442437743372 1.3538001064132374
31.694991017082774 0.08190521997070033 0.006213617865713592 5.809948582775437
69.58172357988764 0.1031372546688975 0.016955973545721634 1.7053413118062573
645.3739962973067 0.350019768254349 0.01095458084650204 4.105717732156352
304.1826532871156 0.1823875411864827 0.010634794447121053 1.9209285366338709
8.974807297665032 0.0491606870711194 0.02037227302128906 3.069206183838756
23.189333248061146 0.10370354448732277 0.011413169188977779 2.0991992893896123
30.672643343544586 0.12932446785765006 0.001965378794141888 1.0730626805388332
18.710826509443653 0.0884799940935545 0.004282348601118497 0.02849334589057974
16.252630395542234 -0.08659675066517242 0.002701760206253691 0.5547536867673706
15.19706577648441 -0.04618547850795779 0.01030736906962805 2.058248588934963
30.396992789228047 0.1253743711972219 0.0057055738155605724 5.439277332819392
136.6304430395685 0.13782673326272127 0.010217227024481957 5.115708628443313
33.21262333863673 -0.07958860419285924 0.005469292574010394 1.9272040213686221
17.43631111643779 0.11652919609333523 0.002561964566921694 1.0478702839621141
64.8357085937129 -0.24518302506060144 0.004855038974981247 6.065960423842819
53.490566826402016 -0.08054555720783557 0.004284052708475952 2.7333871423011535
18.849477370053634 0.09721012219384284 0.0042284334420680325 1.5949212908310821
107.82557639237845 -0.1583230996090389 0.0047900109081061345 2.980040870097677
7.826110831349192 0.02814428992782446 0.011077453835715123 0.10296728602499627
4.5921734156590075 -0.036361311223779905 0.002505760721156429 6.05639863472338
23.586289668191768 -0.08298772841716798 0.005825816724156271 2.1324919153167023
23.65360362588536 0.05946107366288564 0.012072104253333358 0.5741386325871191
48.07539460391648 -0.07753738083174244 0.009544645677549679 4.3471936526759745
159.5745449152052 -0.5208858173800069 0.002849384784950865 1.5264939376557323
44.40816091553098 0.07768784618647936 0.0017921512959616609 6.246166256617403
10.660168027441864 0.03414616515676436 0.004775066597446512 0.9277182504368343
23.835950195080425 0.06262893716859802 0.004727980674547133 4.797602856091315
57.64716960031921 0.10572910151157189 0.015723899910767752 1.9046625416775114
71.32588771137978 0.11638478906448929 0.0056698284594026115 5.387497708895555e-10
82.38906753413654 -0.2682191130306114 0.004880884306093065 0.738549010308175
103.17004778245732 0.20456330467162376 0.007061432032598312 2.9751286185497072
83.56851783002641 0.1955994792717778 0.01364661260781119 2.7430224330176514
29.542665244106445 -0.1386752127688571 0.0031499694271909105 3.1003622965137185
154.31447136084066 0.171957040663269 0.005346345002792827 6.975736996017264e-16
11.333924940084659 -0.06393549233989784 0.0018187853440342176 6.247589241463068
20.953158488397534 0.07058843748595964 0.0056763809390378665 6.001956121173888
340.9599507287267 -0.24685272804479907 0.003502067807457236 0.35847272983615763
82.17944220569291 0.2814477157860107 0.005189406156557236 4.84521828680578
50.86860094404469 -0.12756743637889378 0.001791788179291933 2.061518747972629
16.688970961218306 0.06126256133689939 0.01848847623300437 1.9223665634953613
653.4696476082339 0.36218105296978986 0.002102891695277301 2.9022046864001174
343.869649860363 -0.22076770422581882 0.008733938545312233 3.423959852673982
185.6256837745211 -0.12413844933093615 0.0022164558735118557 0.08320072051957565
531.6034165067219 0.33302512219687025 0.016635700249214274 4.708746080178872
21.781390088882432 -0.05623101053861074 0.0036818631818289135 3.847536150879676
15.38216964357723 -0.1109784991097447 0.005849962204113962 5.6765584436490455
3.676357946383383 -0.02484993920686937 0.007488368129468937 6.102820473709948e-09
399.5927999077223 0.3382686578958951 0.009880742353127442 4.420632771441536
364.2261925521778 0.22125299265065457 0.013764411445180248 4.599095293448872
40.194107720480865 -0.11287300485370008 0.0024398368322025264 4.112877567097356
4.021886376973419 0.02835530191182299 0.00242273122989383 5.703209646022729
17.361972792254623 -0.06695695219107939 0.01476804262594891 1.0450253088565085
334.38157066746 -0.3937843016304492 0.01835575660927951 3.494612983323496
100.15550969267473 -0.21502289455996537 0.002287996046499323 4.0654834332381045
7.983663921431129 0.05352154598115974 0.003965820076233614 1.3493947122306584
15.936705587653163 0.07813489730335463 0.005213476166618148 5.705976508951771
14.897518554881552 0.0878190003906339 0.009893468785802703 5.745747112241073
194.66004421213228 -0.43845737681614044 0.0029957883819882545 2.715505986103971
293.5442787282713 -0.3389198494986462 0.01666792127354271 2.4629890409750863
49.74880992013114 -0.16589001261159567 0.004810193809325795 1.264220312091528
17.773457602538958 -0.06229099292408424 0.006287654608513375 1.134006740536882
60.966083868748555 0.155770303442123 0.014246122795824141 1.0373924605152673
61.68979816040215 -0.1624864635597148 0.006999373361470746 0.25463131886737095
45.41841742344287 0.09922778483829284 0.022729116148793034 0.7593686956597523
288.42073329645507 0.23151090145442355 0.004435883887237514 5.455960498065043
14.917427585663482 0.036174296181900545 0.002219216252042371 1.128508370230972
91.6943317933476 0.11738378354824297 0.007426223627444217 4.582244570008808
35.646585766710736 -0.10463007037456531 0.0094586214964417 5.6391463927454515
11.750872271615362 -0.07255632507401538 0.013422941711998294 3.242783174414512
155.64224834864973 0.3015464977247484 0.0019674523856213146 0.8152202292616245
41.43453449652149 -0.1287015835430318 0.0038733725024842976 2.433102043493799
17.47090102526631 0.04412467305098583 0.0075913509327812535 1.7135040762464924
30.966593504468488 0.10124133644563987 0.0037648100855316876 0.6072231437899908
30.15539532926649 0.14176972143395 0.003052057643196166 1.9387322863385241
251.26195021986928 0.3062576103919996 0.008317770314835729 1.6269252470057796
39.695156215280974 -0.13055317652985982 0.0023155917751559473 1.3040357514373109
17.471957343880916 0.07066007468147624 0.015271480447474183 5.735364160169852
25.21168078978608 -0.09225115119466304 0.0023806202505034886 5.377347750091714
28.10008097683952 -0.14964352111446094 0.004915727302911355 0.5162703794883536
17.203805908182026 -0.06481740302683117 0.008909193124833483 5.641542432579805
5.359235792897895 -0.041230288926819944 0.002990882246735698 1.593889538640566
99.99631793211984 0.16600877345027543 0.0033087582776806204 1.3867390492405467
137.04274947270918 0.24668920976836706 0.01250967211676327 5.663364259547706
144.9534326571573 0.19211431133631118 0.008628578284685861 0.27157088655799744
31.071133325462245 -0.06647060359014814 0.0030788442083541177 2.077726560880058
419.26112997217757 -0.4557174393778277 0.002990890077097428 2.982186013116714
36.711746951588296 0.08518836160145271 0.006247752477053169 2.4455353932916886
81.98359910983021 -0.13758966780853948 0.005390840934420168 3.767330491144131
110.8491454737813 -0.18500319963220352 0.00913254063237795 3.933353336407198
3.86521306060399 -0.034372666071269584 0.004584721228406065 0.0
58.38873998009239 -0.07121685630364892 0.0071361244947744954 4.425540568509408e-06
163.95588517867782 -0.19381151979188987 0.006260259610460625 5.145419423130318
12.217781219121223 -0.042964433470343344 0.004428466916234764 2.848920795626491
118.48808029324917 0.17844859813043235 0.008730004990231324 5.08886476068963
109.48650816661562 0.2822869526326827 0.0018213405207678386 2.5977380780543133
29.24869271877156 0.0932736588814082 0.005224218424494888 9.347487574663133e-13
40.4020997989418 0.09232696933214957 0.0045112387095637176 2.3766519651530347
19.172469237007725 0.09664950582853266 0.003731266257780675 1.5174111678664381
66.73398547045153 0.26489675639352017 0.005696078575210699 1.3016951238013816
173.2702738854884 0.4169540598236695 0.004206081405444867 6.1095645157769445
33.83998394159992 -0.10057946737009568 0.006157267086451156 0.35501510602859754
34.923348906795624 0.060115329453934996 0.008813248971109173 2.650458416168299
14.073560994544307 -0.10579706577185638 0.019194369382755046 1.3566624844336899
366.1881277074995 0.45777511480309174 0.007512436870916487 1.6698407342489012
124.10623142627246 -0.13947514340855116 0.003509973918173087 0.6725262402657157
231.4026298555874 -0.23001897530120208 0.007650231282529246 1.2210854565759266
27.987909364268578 0.11225887216792363 0.014846557174569893 1.2242418428010298e-13
4.266477497576907 0.03270566344141783 0.009777479176033617 2.9231615809443996
112.73571598745515 -0.15207287672381864 0.0039056551990493257 1.8291526558572648
6.85723388197989 -0.06325805398314807 0.010181506247591208 0.7362219528641544
12.369465478663269 0.06444723626218699 0.0067071348739021226 1.6167373471125899
102.83865830545791 -0.24284771051076243 0.005745014335515759 3.693611942242062
347.54605344011986 0.18948484413842726 0.0028904040856325584 3.3586085177432934
22.55908771777719 0.05674667360797769 0.010903434257223819 1.3788942190331737
92.05313198731187 -0.17166388014010475 0.004815343546784761 1.3799928087382118
54.948657374466265 -0.2888020055309975 0.005433424775757846 4.623358066236551
49.310143130991584 0.10523892127076193 0.005411359329739986 0.5941095606102486
6.869822649685138 0.03556469165909625 0.007997493829590026 5.900574880324628
40.80759526533655 0.0851180966686636 0.002382474102756525 1.9771499128937398
12.817545311877733 0.05526714606936464 0.0046084459164548045 0.6141716439887855
1056.5715667835907 0.38834470935164334 0.004589954692923764 5.6615705223397494
546.8701658145031 -0.4075245612137476 0.006098742112783868 5.665707066782387
135.31047415643766 -0.24220328329111146 0.006884412778983452 1.356210778851082
95.08695413706737 0.15984508641856562 0.004956001111570356 0.10184793366761448
24.975347066400097 -0.09348949284162789 0.00436026050272941 4.78377086606012
96.11248355648236 -0.12174859524303355 0.0035212878877755056 1.9920118867943961
167.907586523559 0.271850407927152 0.008945157630591791 2.5853143643741823
16.050373062106374 0.1165715351735718 0.009427114228022435 1.7566019341574532
18.400046312387925 0.17326252328634334 0.0057341412796529986 4.874481821900064
35.0974712622388 -0.11927202720261157 0.0024789545875676436 5.924521325071869
10.59089650355619 0.052632572860035226 0.003092818686615304 0.4428150212112592
15.370885447388222 0.07151682970703274 0.00636622143969961 2.298931055697455
84.55377226504046 0.11414525937225117 0.00517377791932261 3.133608419322443
144.2975701195345 0.2516912995703463 0.012127644590654841 6.048881203257013
18.34251230318958 -0.10062020965494198 0.002642493320689222 6.0030043666901065
4.626874737789861 0.05410892087245531 0.0018625122635201766 6.129145836886541
66.4475982408031 0.10901446922379698 0.007014309812500074 0.7727675326765456
87.5572687739605 -0.13066620614301838 0.02199729403867438 0.22220991268621393
13.904029085903868 -0.07827135978348368 0.012094345055752138 0.006741054194468643
26.652600759714716 0.13065310429087595 0.0042799997686020766 1.2184461820782366
5.206598689368929 0.04785677711512287 0.003524632207914961 0.8243178558419989
20.94737925825512 0.17828769395070043 0.010908826721411594 1.758111210120621
3.7939595312651706 0.0626593965508303 0.0047897097437533485 1.8320429354035401
13.9078035898626 -0.0486950256782578 0.0060399183190351655 4.471077143011583
7.5114196266241535 -0.09412736533347575 0.0036567787965187315 5.9716860304902095
14.520956562456 -0.047460220019824625 0.005415239353264038 1.785572038875429
1804.2046519563203 0.48944116537019733 0.017009313742124256 5.06410146856884
181.65948645587324 -0.3135285522048393 0.012284624939561516 1.7511059177776553
94.09219576044927 -0.15836000056746546 0.007548588735747143 0.27659277442980457
61.388290334237446 -0.2675553887859237 0.004613102377809973 1.6554470470381806
21.230271544831986 0.04494838339200491 0.01044718842228975 1.911947750032325
43.08509380593685 -0.08251422173698941 0.0018381409185511646 2.092721098805179e-15
102.44791444030754 -0.1075814035924717 0.023218116469694145 3.848593186718102
18.751728860655998 -0.09326977025690966 0.002056475409923007 5.976804723234146
53.61016944153579 0.2816948423776009 0.008307774474159757 1.6427837298287384
17.680834650451416 -0.06585763267221689 0.008761781035576073 1.2594724957501218
22.913502202190827 -0.1042695165634642 0.004157375138139795 1.4381692997209496
6.259934653852451 -0.04126813340576968 0.0038443253342586342 5.519762108978136
8.796927207105542 -0.047281811814389715 0.00381079072610854 0.7943815750929897
22.044479482967233 -0.11790559976753137 0.005568140831658928 0.8447523970646682
5.931143814694661 -0.052891254395199004 0.0022769475507137932 0.5721655615033382
49.837336144753415 -0.07812035868745054 0.0063529957867733775 0.8380728603953636
29.416434693613912 0.08315297320966825 0.0032637740468080857 4.13302843360862
128.5353323250234 -0.19204876225470352 0.010135403954162445 1.3089281647774929
15.055877337588532 0.06024004039560277 0.003007449431170972 1.7788129339844022e-14
136.5924752549727 -0.12849281728411305 0.0069056341975239355 0.789388304592308
28.79288326811065 0.10577215288728559 0.006438358309621426 1.6384405340744093
15.087894084492843 0.1559772607079969 0.0032914916274425945 5.354254001594766
28.671196326126356 0.10207501615684272 0.0054482757719438715 1.090928164274742
518.4542846506866 0.5555789623521066 0.001840142437754945 5.035573346984425
9.308425817511118 0.09634360238652073 0.007344574466098849 3.247918613450437
12.039023170969061 -0.060135470548531675 0.002572664494804714 0.47256008503374436
46.002771666176784 0.17961858489508997 0.0025332984830051487 1.5773268091064585
46.59484983900077 0.08425792920191694 0.0018688889778777384 0.0
103.27300364970208 -0.15033886990759882 0.007055960181744302 5.010883193313322
25.331681167993008 0.05733718441002425 0.0018856150860302148 3.487868498008632e-16
60.45321620497946 0.1581623938440338 0.011004606468987349 1.2704846460165813
10.382530968326428 -0.053833051899443984 0.00654395731581912 2.3159446826777317e-13
17.760831007734552 0.048183277253064594 0.009478030504690161 2.5908922987708487
243.54078517422627 -0.2499895714671485 0.022455658976920572 6.205306057387008
50.503641563654234 -0.16785674434694994 0.0036689865371374434 2.3875603399758405
129.87881052742583 -0.16650643351447147 0.004260578199592719 4.968003243280026
19.170161832022988 -0.10546168996635635 0.006036530067542265 6.4870866194462545e-12
6.5528011208875965 0.0583050884951192 0.007375434365283101 1.8815391130712427
36.324515543193094 -0.09078606682136234 0.015799362133815515 0.36530669248849607
8.663341100024907 -0.05055924435078431 0.00368352529777611 0.7702541439485013
13.510751310648937 -0.061378041889801255 0.006782885695036073 3.764871797060114
191.3726061628669 -0.25306141957212835 0.007395236985176079 3.42138733690609
275.12135742104874 0.22701736088432606 0.008162719298555395 0.21274906657685533
9.184829750948985 -0.04298933818009776 0.01042736534916148 6.077679354949041
426.20588118251237 0.4042257792615567 0.0034636421859539574 2.0968076318264086
16.28687035005346 0.08235525321433254 0.006952148395094963 1.6159171569480697
90.85975812383832 -0.11011252589796433 0.009241986420182407 5.896104268740977
384.78701205517274 -0.43037267744085816 0.0054870568479664095 0.14409426780397777
112.29473285556875 0.35044486739264014 0.006194835859853623 1.659261082750921
94.26436351773107 0.2718534447126788 0.0029902548110208663 1.491250579709343
17.86635538805875 0.10344559838952286 0.004743359031628415 0.5106305351129323
16.103737454509567 0.054274484443172066 0.00756428881767174 4.5953399913648305e-10
319.45155276430177 0.2547553095427463 0.0026166412924968872 1.5906759414494651
22.3701890506549 0.08230889122722845 0.005738690348481709 1.9561596375702082
13.483226134445603 -0.04769370560169689 0.0030544564351040982 0.3635956869227864
202.88474527596438 -0.25572871081120263 0.005125466468308167 1.3126062224436952
19.233225878935343 0.07494620349348857 0.006775722328661545 5.835755627336574
14.180009806149588 -0.052016993481694584 0.0018027709425400165 0.14140877754797712
11.85373189669697 -0.11678285682550646 0.003868392354805866 0.3956346711232777
28.233325402687388 -0.08871559952054031 0.006920328250860213 4.284733820564079
81.55532130030889 -0.25210755923941514 0.005987913294028759 2.121101130238447
47.489101094804404 0.16497042362111586 0.008830055366899441 4.979557551655729
108.06123469039527 0.17546602258297006 0.005638708141876834 5.900716086376141
6.01162053880419 0.036201688886349614 0.003349699689956606 2.0574238696053316e-10
34.91296617686338 0.09653000380278809 0.003598759338168953 2.8673622111521473
158.61061498421012 0.3439994507100157 0.007373821306938736 0.3860967121987836
21.08156778447488 -0.0550458311231867 0.001965989757999082 2.7293360553688846
125.62670189185842 -0.16732023272148394 0.011713845128263657 5.193529222924464
8.72016603186237 -0.027784358798358832 0.009388611282566545 1.6695932508347966
308.0136243553325 0.3926187651208435 0.0021735454314865724 3.368967598046882
14.519686277739238 -0.07789871274418886 0.004758618842323212 0.16691140997431808
22.55084498221499 0.07125304367631857 0.004106643911677049 1.8959450365053718
10.82967716956718 -0.04359633437577726 0.008460937142273464 4.950895398772929e-09
27.92773552622116 0.07334824259673872 0.004192700115869419 3.4693526927281
7.2590937755317455 -0.032938932430764484 0.005854908500237019 1.46735422333733
75.8320997915625 0.20544836672150685 0.009890780920677224 2.2653555242239807
19.893803243374528 0.1772831451556056 0.00485137614243966 0.05987271186468323
473.86087010806307 0.27996986399646784 0.011284404869004349 0.270959015249728
509.2375300340009 0.36398430173412133 0.005373255872214586 2.5092777330755065
699.5198880556552 0.4336404187363496 0.0033649608408100485 3.013317393691622
253.0348014051367 0.34668351155190624 0.0032320779066647804 2.4435566414372234
164.91544963122792 0.15992489057092907 0.0019662291428935103 0.0
47.06214188035839 0.19922636283545714 0.0027112558838211648 2.494804001456582
156.628596503906 0.20951699562897552 0.01700227020718425 4.279400881809211
75.9959754482109 -0.1631282153358427 0.00642797415464714 1.2120870763045921
24.32889448236736 0.06067515764363579 0.0022213389987814232 1.3951473992034527e-15
125.98743810826954 -0.36234727579434756 0.0024381833882254687 4.0165596367595064
133.13869239504163 -0.3126057052516946 0.0035486831692380333 0.5300730027291151
91.29698838481723 0.20298994173942347 0.009361162939688665 5.986844753724523
321.68841680476066 -0.25373212075326623 0.003621167179773154 2.6916904023793014
22.478505773157497 0.0789273189471158 0.007272820352084608 0.8307088423115581
18.21975973228887 -0.06852343217330187 0.021214467746897076 5.043683655681825
10.43387260111477 -0.05007569303381457 0.0021398097966813688 0.13718441254735494
302.3254313371286 0.2561218007827516 0.00708734005419019 5.109301829625888e-10
216.63048982768817 0.2861137234377462 0.002167458283265525 4.895342878614779
70.52930427532712 0.20270275297870055 0.009408804235270277 5.822358579874205
7.566408814685747 -0.1584486259395321 0.006717084582059187 2.484045691992247
44.42849272906676 -0.14845979299362871 0.011989409845887136 4.055236524449017
75.7115142043276 -0.09041733791466566 0.012188513959084785 2.8341345202380905
21.435460563587657 -0.06935960799392102 0.0037761628485136357 1.4761837199811134
13.879989567588204 0.07117485201464893 0.017925828652611088 0.41237876887779074
38.9142860700443 -0.08313946785777349 0.0028761140097207424 6.90563083920729e-12
18.54916912619697 0.06938342204386372 0.006104306990140048 4.152760565546921
224.81230765360664 0.26898779505392967 0.01579949151498416 1.7171571483030275
97.72078935914169 0.2649391341171333 0.0043838935909973255 2.308908787306713
9.459733606525853 0.0463626946026042 0.01299341673172389 2.2067489251188754
92.24182138914931 0.20044224397681232 0.004589799453091554 6.162935852600261
24.26921001920074 0.08358071221781932 0.0024100704407496723 5.3211965458520245
54.647171555733884 -0.09524939486047479 0.031459422963380924 0.3935285412317335
12.519921675647463 -0.05602444049829647 0.011653400931557228 0.6406136099363694
36.39485385584247 -0.10423660301468268 0.006097555426463983 1.9231069381227313
6.198891871367271 -0.04313624514327627 0.010598058620457863 3.3674204225581623
44.64166602086639 -0.2773223735354878 0.0031509004134210555 6.050121759842831
4.9820856512247405 0.063581287617088 0.01011431503332108 0.6397375221465922
4.485488354216264 0.03458720428236359 0.004911970348011568 0.4361627809845224
16.157577631138604 0.05854523531875472 0.006643482825069466 1.750933184798023
28.350770505616342 0.07125542095785975 0.013156328087232896 5.133911252686711
291.5739074352789 -0.2980341265572827 0.001965394532379285 0.20077906985646304
129.56351449029233 -0.33723700117095723 0.0021880134377411944 2.591841904922648
377.29583526155426 -0.35149183187332356 0.004997262276636804 2.9276737326730444
284.4497191144783 -0.4076687756040458 0.0030370653141163478 5.8258116552998525
21.405992495175052 -0.07075769816903893 0.01327870920484256 2.8979162583975544
7.66926686684825 -0.03318380761262213 0.02394806678392164 3.1739275946568926
13.67397048963195 -0.07335862148364228 0.011400059657835988 6.845374423035692e-10
19.96113136992222 -0.07150918388500982 0.004941237178469801 4.632640332745865
48.71426293859323 -0.1354921516046794 0.021145538979756406 6.049834576588357
43.83254565956299 -0.10766276241312595 0.007782037744837129 4.784437250246117
6.135523662748106 0.05915175721253843 0.0038870108936222805 1.5821133444842526
15.12037807190183 -0.06034704133404947 0.0033096723853473847 6.032428458298737
360.4067870552235 0.2151036418457266 0.01673244001577666 3.338105677693418
13.463852354335577 0.04874350042065562 0.005800313982711061 2.7525074774555454
22.34951484638819 -0.06228658000646392 0.0147639744172702 1.982865219995095
51.46034777727645 -0.1579707704109326 0.004042114472620596 3.327162105541982
27.773742318779732 -0.0597860302811031 0.012488637243130658 4.80221670611244
14.052055925487561 -0.05972369697174708 0.004078083822615132 0.7915349391008419
11.566573091448273 -0.05377393305209105 0.0035589060125698077 1.2969602564758047
87.86781560415876 -0.10008372031061874 0.009857794679837542 1.0043331991178772
6.126393924302289 0.10919870263167475 0.003622357146490126 0.3787462301837794
30.689518503486017 0.08226448924702867 0.0038978211959541167 4.725778508196842
232.77584606836322 -0.20510574069328086 0.01775014664685344 1.7431681198218605
21.91076724329755 0.06455912430294364 0.0020148115246961494 0.0
152.1815469618228 0.21572424998466955 0.008363361927696596 5.9674321212419175
5.641644693712531 -0.03968484118155588 0.002624459018520912 0.19062617103891635
14.715013996119785 -0.039937382257730414 0.010830451186410883 9.978582500692815e-11
56.91470549618238 -0.1833705573875105 0.011283452056355106 1.3660890428381622
54.55361237847645 0.08489217133962701 0.004549692185420214 3.7212325504438186
244.0923220666121 -0.25650404047809616 0.009760124223989707 1.724726490531441
6.122459016925063 -0.037196942413805 0.0054635783230644035 1.8065903755995254
13.077786309183994 -0.09836255628833543 0.003254276671401603 3.25369631371732
123.885607576357 0.29458388354224974 0.0036591795800969716 1.141791618660384
57.125296264112464 -0.22760475835945695 0.0021119239302222173 0.7097271312075806
12.207418452213659 0.04942659559468193 0.004354979747631491 0.745915659343601
27.696256103395253 0.05953875270479275 0.002977161539608766 4.706496537994544
28.143545733456246 -0.08462266486714978 0.01715825844139392 1.2683302135138759
18.736847843117715 -0.057587750655270636 0.009555656976617232 0.27901480334323037
47.97312334294923 0.1389328180861336 0.0018372838812612973 5.556891653802998
350.4188297525702 -0.37119890297141844 0.0025504101612029975 3.157834135806268
11.296464918593301 -0.06452212174132016 0.010098360462030644 2.715009594454069
14.299776755544048 0.06274100904994453 0.016942469021589628 1.3272599012768629
27.394339615927304 0.0627894572024468 0.020311207237739555 0.8293305340596108
22.76325667813053 -0.06951287657380689 0.009732910994181672 3.7438444872052417
101.48561852747319 0.1242372409678223 0.0027467080447242287 3.081708162402567
521.115005886373 -0.29043126742213565 0.018026274257677406 0.42384857078467714
318.95406391103705 -0.28195543487213626 0.006881265452947058 5.05459285547562
235.49497920273316 0.23394871481963703 0.0038503578663325252 5.75216187141093
494.05009267649234 -0.691603360971142 0.005058515636478709 1.320709064280062
82.4530165444523 0.11720254029891786 0.002243736412882411 0.07876822897626937
33.26031081634301 -0.07544581436908987 0.0144584141971772 2.6240342420571245
30.081904962490768 0.09300478800492334 0.005313269371955082 3.020494119275475e-13
42.88000911125327 0.3051909652513034 0.003989629189029388 2.076552167285472
176.0969263465559 0.20518604376372063 0.0018078996026333687 3.232089994981021
160.56172320387714 0.5394127709938012 0.007668077178709241 3.196307916252172
259.29721265358165 0.5278289769678752 0.0036313866046461113 1.9131314848559962
201.38854007490016 -0.3227137417282333 0.004610421216425256 0.668898816931842
62.700396575197445 0.14850933384751547 0.004126619865466438 0.9743444133424273
135.13059694621526 -0.2892721837571556 0.002994023378987778 2.1722983866688805
15.285655365647798 -0.06251371501464378 0.011127924402468228 3.22843736624675
95.61910994373639 0.13678999189654217 0.016168658987404425 2.787743132257837
4.260720040623504 -0.050928028639390485 0.0031504421127946224 5.450502054887441
5.430263398479762 -0.04051594714718043 0.017501178219620914 2.7844530617357437
287.49191590776826 -0.20341939552488575 0.015236821173172998 2.458361982554579
3.7932502441973304 -0.030063655979232898 0.003099832505773969 1.39846685420787
11.148515584048573 0.07059486258615866 0.006771116973011536 1.4028459484769717
26.399184416017196 -0.07165521981289594 0.004586177268099799 1.722887320291236
274.08066696235187 -0.2361349482086308 0.015317349266317306 4.484815627095539
13.89403833384186 -0.05401799434627405 0.01089808521731977 0.0
90.80365073307435 0.1705099524696873 0.005227321308286272 5.915981615162077
7.902452914359852 -0.032172756606740474 0.020583327813448227 1.1314328554117266
8.62728878617341 -0.03540074926112366 0.014943340348467367 0.11021085259159903
7.227836703223531 0.033097316289022405 0.00492281086682979 2.350798696027969
481.6831737965492 -0.2878849217998083 0.006987832507581418 4.469808381142893
14.62230137008618 -0.12312423350769168 0.008840096845484566 1.9043848877436396
564.7572896760263 0.24588477449364743 0.010014819280398539 2.371489092722305
28.21777868091538 -0.10516260039416117 0.006717328254457297 2.6876803935139053
398.6188867449929 -0.31515968254707893 0.0019113804265509426 1.596457648128527
499.6490332906987 0.3806081199996194 0.012165861740518749 5.4876215101963695
130.55043856551058 0.21978520535930368 0.003960444506892431 6.236628035758125
6.568705971552382 0.07955563228872212 0.004609862238506405 1.6736691841423625
6.446333108179437 0.025494088330615783 0.019891077638750285 2.512329651271028
139.77420652920944 0.2680062555351234 0.0031294552403082075 0.8922110864135322
453.0806965056663 0.36810524869854544 0.005703356603520733 0.14372996321651874
26.61317100052462 -0.093849208867717 0.005196024647672207 1.4497092297767886
3.533237268221222 0.02743867385356344 0.0024465941145985046 2.1595742974551326
48.00280372527515 -0.14850277750962027 0.0035552534273347886 3.821156986649572
117.27614515874774 0.1155819153875931 0.034307377186713985 2.9088640848589074
8.528489175966442 -0.0603254702397779 0.010258460509799361 6.006962796623846
93.77443569821283 0.16883076282110648 0.0038610236503973127 0.26913741977681804
50.288249170705186 0.1096624859989831 0.012877212408622104 7.345451056806179e-13
858.7146643404984 0.5285378585080704 0.004732808582462958 2.266259206115344
195.31359684509627 0.2117168290567003 0.005297279592351305 2.109731544014329
429.59382480651993 -0.3240266408333691 0.016210599898653175 5.224077796495377
104.30086258099907 0.15620570640255782 0.014852189728118581 1.7716026278339112
446.5906216924137 0.3103196198997 0.009807894592935896 0.8189515625985395
30.953093165277505 -0.10056247173999422 0.0024190164688465726 5.3178135504927555
13.204230727559436 0.07505320607339835 0.013935650860403817 2.306008772583226
168.37810694296104 -0.1508023445799187 0.005291475789019952 5.673672571205082
22.90420897995687 0.0727480980452282 0.015251609798595155 2.110409288079865
199.38405261761312 -0.18199737707521346 0.0023049428392484046 2.0173847183592866
42.98414956405988 0.12506070802697386 0.004906001228942482 3.911993307366482e-12
6.656943026582349 -0.023085771452405812 0.04082201886085979 0.18049246515707792
217.86183897953768 0.3952970967310864 0.003917148247551509 2.761739369098445
14.86882901027391 -0.05264140895870448 0.01323801965716648 1.3004413058770243e-10
93.72761319851611 0.14532955166261158 0.007043729666133211 3.91131624132446
439.4830440008478 0.2806556811001863 0.009895350611240222 5.051348684864478
23.299162526174012 -0.13471542834898506 0.009083198529444558 2.9157494734090963
6.6919362822897055 -0.08247336976572713 0.0070230879137846884 5.532936483922963
30.510961256502615 -0.08009355816505151 0.007308902563548239 2.6112677564896463
14.115139902529563 -0.08145295802406012 0.006080770769051849 4.914190460488231
71.51471809698917 0.14003538466427717 0.002236938543394134 4.275885359084003
60.10038221505337 0.14820655850660752 0.012894659800446004 9.228900045730839e-13
13.935052765689546 0.044557388988075014 0.010133959194012648 0.9340940334104573
9.525638843204275 -0.07434170641885403 0.003937952847103661 0.9620056146489124
88.04831645533962 -0.19151346323969787 0.0030191630245115925 5.536194476719516
141.7890725125152 0.24672233933506582 0.004621112656699931 4.215874657119369
40.81153777023046 0.10904252103329531 0.007903935051757904 2.2514558731013827
35.99875737463013 0.1237590874365137 0.005369122935828232 5.2017471654000245
86.92233962200346 -0.1358437302176302 0.018552174820606365 3.495464988105289
41.72637660491965 -0.11634853001203976 0.001764833059488382 0.8353855565735036
102.3188177319998 -0.09729099999114048 0.00924392437794467 2.400957728446912
122.33368557468629 -0.328248329385025 0.0024496650425250115 2.508642305447735
8.427697470673246 -0.06969595819224675 0.006415660040160951 1.4839430393699546
160.56319652748675 0.12560296118678116 0.016903277476231392 1.8709510980230004
91.44995162428059 -0.20005678812752564 0.0026078965372499092 3.087554230732871
133.7917120316437 -0.12710972141538923 0.008972593899909545 2.777586317643104
284.55671553467835 0.6134716603416219 0.002806206370856635 0.028407501186790213
11.11613052542363 0.034590136760309365 0.004514247303817043 0.5896723543973873
6.368036235332595 -0.040315258274366134 0.03774422984885776 1.9336812015159557
13.239171972986663 -0.04599230436684651 0.0020448597738748817 0.5214657157921377
610.3715907158345 0.4170622772246271 0.02578632953033573 1.2446090869140656
16.27986679036596 0.07859514656711505 0.0029217226949876116 5.825445658860241
125.47059006456335 0.25871890420028854 0.004690998841308671 1.5696026701235843
4.554675916240897 -0.04311086362832159 0.01817797410236182 2.182964643733837
16.137890029599514 -0.08865414513420458 0.0022190452344767603 5.68522565175407e-14
16.577556658469007 0.049748864285524 0.0018686820437679792 0.0
45.435907282854735 -0.0865220956992323 0.020680647179277582 1.20755221262533
20.819158036765135 -0.0947452503127709 0.004391556340500719 2.2856141409972133
31.117612629047713 -0.10978174098721732 0.002820284139950962 5.044988645152432
32.60455367824095 -0.10329502071822705 0.007390213697563585 1.8352082797287038e-10
166.4032051220428 0.22336011521966348 0.008227337033245454 0.9629018573601008
64.52544110119345 0.08399199901083082 0.04582169353815487 4.302624456635797
277.96491884516035 0.44594150149493905 0.004795762820171028 2.9914264134830297
17.030201329649472 -0.07466735903426333 0.0039950064837521865 0.8833274427472296
5.462164657872323 0.04700776659271064 0.008740725418164338 5.875126137090707
83.12939199628669 -0.16149903524272097 0.012482333178452334 1.4709305077466865
105.18329886267568 -0.19876110991971496 0.002563281802749994 3.1408583610835654
157.067950936026 -0.24996475105028737 0.010823040626009993 1.1677523401341083
14.622558833964101 -0.056794381945501904 0.01691355550775109 1.0107633635119135e-10
214.19571907797865 0.16754178168073586 0.019531171947697434 1.200391654042303
20.290091332909306 -0.1155762825183064 0.0026269269620364795 0.5864097119613301
154.93459953716842 -0.29672427802216605 0.006433503703231787 5.974871849455755
156.7379402752361 0.25721056634173156 0.0029953896326246456 1.7738150467450748
497.09025795836413 0.29829776671596714 0.014423453779365183 1.6044195090839705e-14
82.72235125645288 -0.1672397026900021 0.01808071044899516 0.36553240873996146
35.92513078165618 0.08509233618827772 0.010305105553254442 1.848897995143128
6.0204592386713704 -0.0912355663034275 0.004302594540178369 1.7829370596286969
75.23332778132614 -0.20155245016439016 0.005495720546767033 5.8645813333118975
8.536170069793442 -0.07249863761239876 0.007470966657044971 3.0444941762243536
13.728671445559849 0.06159950254158414 0.004589046446993006 2.798697113335799
111.52325474140201 -0.2035867098647572 0.021801799870515493 4.937598223863815
52.320282436663966 -0.1356638272950288 0.004466836235280918 1.3187275642051475
49.2348007987101 0.11043235483439601 0.002307259732013997 0.49362359655855537
243.68605614120952 0.3662771048885727 0.005348159545752134 1.977134794198896
40.98576051778862 0.08742351316465213 0.0017662210467139176 2.383399393856032
175.90763398639896 0.23621681787862836 0.005101916979891095 5.286292363713742
21.733769876148248 0.06953298236784056 0.009571252455864347 1.416051112931967
15.396552054397075 0.09630835811958882 0.0025705774814391118 1.1360046945794362
84.92576756905574 -0.12361833931182392 0.006966893595876671 5.1896707940785705
65.8686741479996 0.10623240492744945 0.005800722645071999 1.2493859668830187
7.173891871390517 -0.05936631305196988 0.00451670094843324 0.7247188701840395
7.21792923223987 0.03353688861003515 0.009509527625648488 1.3817786119515234
86.22433007024073 0.10103614578624875 0.007719120938171868 1.9451142288449002
8.714046881724084 0.09253236725432826 0.003347465378624758 2.9728249680676107
13.198608026816125 0.04520744323581305 0.029020194947804955 3.5162030368375774
83.732144813335 -0.22016757744468324 0.008235191198363988 2.6955724150440346
4.07047795218778 0.05200684663367544 0.0018694911428945396 1.643437982007335
118.9454329857925 0.2017861864370859 0.00555239779391906 3.489436636931239
9.983406078985443 -0.04728323573688217 0.03483778315258608 6.143520858165166
148.45399399667974 0.500954045738373 0.003949885115847396 5.594373518966231
71.94131733913909 0.14269300239852412 0.008120134124382406 1.3901190101539527
31.182707620422303 0.10319332006378101 0.006598063951286996 1.3008016229266237
7.879519255542399 0.0328661618098616 0.0034758694867004615 5.602627806055748
20.193078198396204 0.0632914181731758 0.0018335990141346052 6.1065340689312055
7.0758257284094075 0.031126768164938007 0.026805241583597688 0.9040032166398398
16.49361656974708 -0.06442268165362486 0.006920267909279933 4.690140885811029
49.20210199698246 -0.0894626666120138 0.008705798944813582 2.734481046672309
10.949195295965668 0.06002903849373492 0.004700400589591764 5.656407530483879
8.750753915612801 -0.037728464593953875 0.011633563830125038 3.259416340591619
97.77694931436996 0.10131139770785308 0.006578863362733953 5.661227812496096
6.538563644040498 -0.060035488569475395 0.005157224275288003 2.2932598137437554
519.6896919836564 -0.2725574011473467 0.0029096396107024967 1.251104088299387
318.2723332929266 -0.24966874804476266 0.002222233294927313 0.4933099591387385
12.960749731398417 -0.0634561349088357 0.004117973090696888 6.181254435155425
133.07166952731902 0.24023410304196002 0.002046581167701308 5.9083851631794735
23.56570682173412 0.04933786154351666 0.019004630783441587 3.861958787401998e-09
61.369003178217405 0.16130993052356069 0.0020142102645847072 5.53119326873654
7.2053277490697125 -0.051687490417010665 0.002007839869671984 5.279659401520954
29.8542043785864 -0.09768128262761139 0.0033776579331555043 6.250463616261862
30.223725578090836 0.23439347904437613 0.0029994953125294876 2.014757187865816
313.15524425851214 -0.25773257061572785 0.012538863140789065 2.0534338608140854
304.5285607630582 -0.3392408710357868 0.0027144065447889144 5.886094260353711
4.7045558850721125 -0.03132849493825485 0.003036547542525697 0.34338395868725313
27.797811004468187 0.08131107813278077 0.0068575108063965535 0.8776218293824058
121.39602870774367 0.14911911039153503 0.0022200773832390915 0.3162668607402891
431.55158809703806 -0.3733747525017086 0.01318105843620264 0.8577180245504398
62.149568453696645 -0.07247652236975671 0.011853297671761453 5.234556683712893
34.31898064303035 -0.08846102736586237 0.00813018284862888 5.3193763786789265
87.18560201670974 0.236596338823525 0.0021053474002831474 2.209596966049034
18.970490006230385 0.09514448677519913 0.00922375970520527 2.960713628344351
268.43855952760777 -0.5613464667157714 0.003057374321573466 5.330780987671223
6.292596870425937 0.020285302448987685 0.030567458329663847 3.9418145830244554e-11
35.47070609179391 -0.11132906018389022 0.0023923527397654745 3.1075173947975023
23.91447979618726 0.0862190752730384 0.005406255450859137 1.1768984359181833
527.3734304950566 -0.4365009517272125 0.0046242471288037695 2.9569360005875565
200.1388737572752 -0.3061941956087338 0.0072334747565991125 5.7112032630000895
47.59714125416698 -0.07516543550854249 0.010874352006063872 0.08554850392111171
686.4858469050821 -0.28607164982425504 0.002580820598369121 4.946159032829328
268.73851943919465 -0.3975166949537918 0.006112045170621178 0.6149687317491204
4.9070678354679425 -0.07361557228400739 0.010596377800264366 2.4851520368336497
60.881769840886044 -0.11662593062609561 0.01007622353778254 2.547227025515073
6.155585669100107 0.024126351788075373 0.004047870362043404 0.7339495245913645
51.16997514116856 -0.06981751658097246 0.01953144759957986 0.6466916884470428
807.3867402301648 -0.11475999999999928 0.001967515534609712 0.7843867422691372
27.413104128381345 0.07871003224234457 0.011036590323922537 1.1130669421603727
34.748862891514634 -0.07037503462278216 0.016349361927899993 0.3256876033352478
61.3246046900439 -0.14147365517949262 0.005341313213286746 1.2932585945094186
199.59788171171607 -0.4532994952861857 0.0037294741023444953 1.5118327821403734
438.7373278192817 -0.44973607650405645 0.0032826746228635673 5.948564329681886
79.94553560569044 0.08398330220409089 0.0069620287687312595 4.159648348761149
820.138153432932 0.25507233002675356 1.3132102887858246 4.55632315024773
36.978759805842756 -0.10811880223876164 0.011221692690701827 0.8806395114761975
12.297390373867566 -0.08497594463264706 0.003373112287010903 5.869088235966757
65.66647423821499 0.3544296741794227 0.003058464716751742 0.33868999086901797
58.21847304302368 0.16458784175917507 0.005676663459643637 3.2982660869054765
239.55215364242142 0.26476530521731045 0.01657763280309925 5.600539872490403
14.212801583421879 -0.0521803534366769 0.004478748567654595 0.5535247572889532
157.10968223981192 -0.18458207992635656 0.012071166916681635 0.23280373474856236
78.8484369918437 -0.3050742965680474 0.0030123907619519657 0.7497424650486355
39.345135779237495 -0.14051908241336808 0.003094771392970537 4.894810525067385
24.51991858991661 -0.08006594128560085 0.0030390280315172693 0.03688404758926281
13.613173689687942 -0.08314396068518863 0.00728197368589636 1.0106719400387627
378.0207007005808 -0.22509999104471634 0.005662213580197989 4.834916076773225
8.934185321125202 -0.09608084881558382 0.0028532843022543563 2.414203080196298
3.0579959948416855 -0.017676557220139208 0.011725996748969602 2.426260017712625
27.221748713502592 -0.11876777940075284 0.00636318403308648 0.3914955962111437
10.593704552073644 0.04622100696422973 0.0036604415813293843 5.658863894399927
132.60792070972414 0.12207138549805896 0.023719637414925485 4.625240226591942
14.706407748318501 -0.043170451957514844 0.01925265378319714 0.24720238317974416
41.27903593619729 0.0907808158946043 0.006372657165915242 2.7630033958532976
48.03664179220851 -0.10555493241360392 0.004344828589303507 2.463217774408992
18.103562003158782 -0.08659048572394787 0.0064754833770811725 3.2462762403511083
410.8287825372241 -0.3469192909771561 0.009791022803781704 1.1742480157176296
47.07959143830499 -0.08036949925159462 0.010226879826430902 2.929972980905607
126.06320859841281 0.17302588722416384 0.008468479832954812 1.2444507373335787
26.87224803237848 0.06489485075533097 0.005578282817739213 0.17381232237775854
21.09540692502111 -0.05599920672640307 0.0027394273266709702 5.923774353435692
321.7203803901082 -0.24462402875121447 0.012455437776583363 1.5904680350919361e-12
25.9074298121956 0.25014538134084124 0.0038128196170530895 1.7945704006827128
20.775071893262847 -0.07449429784239626 0.004772198369502897 3.730982961555791
10.82547001776001 0.043369515240183454 0.002745344263268868 5.556329263218433
25.809832216235588 -0.05731463195482023 0.008752992711070053 0.5247133410617172
13.469347504428848 -0.07521311236070027 0.009833398892873393 2.1903814167494206e-13
499.1130252313326 -0.4858389701079847 0.0027959253688656068 2.091511061358926
75.67013637416206 -0.16833916254283043 0.008810671938195605 1.2373009417082748
175.47838246704276 -0.380009985473351 0.003908425913078433 1.1267665613514706
80.35758057889548 0.1769073374410145 0.0075733424816283295 1.9955364313691726
108.88684953447219 -0.18430366537707116 0.002831415221614046 2.7451005603751972
21.317511982164042 0.07877127710140064 0.005910726999975438 3.4932940203041936
240.827006629423 -0.2622969209641891 0.006360023901432594 0.16984946548426558
323.9626495180945 -0.3577654887833859 0.0018353321174758368 1.2917085809035607
93.3293401814882 -0.1940615590936275 0.01608211225775547 1.0239372413281584
74.61625720951791 0.1140886347482229 0.014590780846616525 4.409413962744514
10.562282629768271 -0.09146611212847641 0.002104653393502964 0.22937679972386021
47.71737281139028 -0.18011057012322673 0.007130524931794597 5.835342565743789
17.748594524245046 0.05246239342361368 0.0054843724583637146 5.992008014490071
250.44881238790342 -0.43073943281147153 0.00689637060780446 2.2690813035075723
136.22241773338735 0.2863595769159192 0.0030528580088323497 2.909515490048045
303.1131172204266 0.2879347136924124 0.013522184502204614 5.922323476503351
212.79150149241275 0.17826469085259267 0.007748737533847616 0.15449776867586623
7.782679514215057 -0.04104846101066466 0.0026868951003783384 4.290461918085398e-11
6.467259816867292 -0.027856512767820543 0.01611629276775296 0.17819592263650322
17.018469281252212 0.05242617732064425 0.013660123877804319 4.932992165052692
215.68751295911852 -0.24489764637907963 0.012365987398079386 5.649050142517316
79.28070788702841 -0.11777909418525667 0.010657871711366776 3.5425950342045045
23.05432286556921 0.08664225627123001 0.009263503988507954 2.99047100536987
168.05995743387217 -0.2644727557762994 0.0038313740200751002 4.315352526318109
43.71027351662166 -0.11508343567193058 0.007497325872822674 2.241878587444238
77.25678147364238 0.16088643716370615 0.0037936524723580552 0.02919066526343121
167.71482104167563 -0.17268005059583602 0.007101788533244443 0.05706104799173291
40.072046415288575 -0.17079186649081596 0.005601109915099842 2.934359923207995
136.49883067661528 0.24346140606105726 0.007273205452842515 3.703403014149761
7.267139629816466 0.05293152015230068 0.002172978480437971 0.8764807342074106
386.02563749833945 0.5205420736530275 0.008980542760209091 4.8738397276909
146.41615628599416 0.2993739751788139 0.00229668513897405 2.1132629411693524
3.920068814641608 0.030552233250451727 0.006462145033803605 3.4223701563230846
208.48297164929443 0.18024034894057983 0.004720096546824576 0.45792722717977397
9.1978843779106 -0.04496699214060537 0.015838005508399814 2.367982884789133
15.898066597684398 0.07854085987486173 0.003046418760566322 4.836317126926534
187.0422019759418 -0.4448338606116872 0.002801546912712723 6.277456774571449
28.565239530539277 -0.1015117299844577 0.006441751969638153 0.16237085527853645
116.89809467433426 0.418340109196485 0.005232009573664835 4.587541526795961
3.7983688075170834 -0.051478693017994834 0.0034794275022791907 2.8328616905482806
9.968872887257739 0.03954048571162069 0.0087236513175612 5.733943563161571
250.22284443343224 0.2204395531336797 0.027544214442823768 3.0322745676531944
172.25629141073773 0.17628770929413198 0.002620448911065048 3.649526523280513
281.0184897295518 0.3430154447457441 0.013060624767394766 3.679110515544785
5.890432521405602 -0.0717301169292872 0.005425551314050555 5.609607315142106
99.16601918157306 -0.17500569229388196 0.00285463685026323 2.464610037054175
286.94820739010225 -0.22747756449973278 0.004164481935215297 2.9628086219093843
58.855943737377174 0.17358233834722842 0.013156815207079422 5.886627621717274
7.008110345643822 -0.03082067110156711 0.0027497818717666395 5.585112150908888
168.63851960755184 0.15972473729853032 0.01546177339715403 0.5411423339592867
42.00248557601355 -0.09718256877471582 0.011059578177006606 0.3756140472183459
67.02958131626639 0.21080810603558908 0.002057084795485458 5.28325713787012
195.9135766792215 0.42727349926112096 0.002428834381313906 5.522938012548395
13.58627607007633 0.08117298429697287 0.00458547406344625 0.3317182794504893
171.4596151907228 0.21929048220424896 0.004290510422568708 6.041868948847097
268.6690941438725 -0.28991556743592967 0.004517804130630842 1.0382337574860643
20.11294652610288 0.09973646112610002 0.0056347819308147536 5.774195402603754
195.2435910895443 -0.27231803308795904 0.008921767312126532 2.4778854995413604
20.59980665601976 0.0566290464826017 0.01584178953309845 5.0968677688406965
122.54214404324225 0.20257839187107152 0.004388981410694502 1.483226176250901
237.14501130186912 0.17491985818466282 0.012381824537660869 2.142536010963367
19.300031916647086 0.09401865352062608 0.0028696842423423284 0.6860535564501966
155.91226518663007 -0.1577231764860919 0.0030646903779362397 0.3638118020985807
106.38547296936373 -0.1581247809184257 0.0077048208793348005 1.2983811063536517
79.0836436690243 -0.11673175781495876 0.008647021252336679 2.0079515048374135
277.8306753938969 -0.17659620166300846 0.0031932917924236658 2.3502230215221855
56.519412785758334 0.16374774347831272 0.004915908732564098 1.0687947993630786
13.899828404486435 -0.05863441156222193 0.005091599114789328 2.440440889396176
175.0356984936905 -0.46503970678303774 0.0029967454135384087 6.1014224004597875
11.166614500142918 -0.07707154893661004 0.003932334970038115 2.4874964886834485
43.44989633525801 0.16599619593136333 0.002277196769436338 3.028610568342583
361.44554042426336 0.27612180153188404 0.0070687471009139545 5.400246556654941
273.04505521625754 -0.19693730326515835 0.012011548925171858 1.8304100588773076
6.31348580462732 -0.04595164395358063 0.002248698605789206 4.2177877693002666
86.07109737838695 -0.07224132583948079 0.0023785733270736587 0.9862860908949312
74.01420083101435 0.10406000592958692 0.017792117429247332 3.547071713843751
20.89811388886361 -0.052921030665135926 0.009340105288525233 2.9711883614282337
191.29459773136654 0.3826831783421273 0.0025480194253606203 0.8218532441130275
7.458678735823761 0.04401414768454945 0.004241671691390828 5.599975837944842
68.25291817867439 -0.0978401322070559 0.018542799308397438 1.9015911713199558
19.588586808447943 -0.06472577793439302 0.0050825246987581596 2.0437273879021984
103.79658253238895 0.2224142287794555 0.0035984305129274146 2.3926777896339216e-13
46.73252339465482 -0.11783613100941581 0.003751332195251289 3.4468777403333237
153.34868141576888 -0.30787395209760066 0.0037278539565646753 1.0937088625841689
9.502873953366857 -0.04564237197051489 0.007139482106985727 1.1534555516339445e-10
169.49171685526403 -0.16741544387829838 0.005528259122102189 2.486249155348566
13.498985531828826 0.06797453195292996 0.003104205823684681 0.2604723402303288
8.295158748651275 0.07594857960917646 0.0028737570470627255 2.488507142181495
32.443368966854756 0.07827311319097599 0.010443597655018531 0.5406102949197268
56.86905709605985 -0.1092030613301953 0.031096240056792897 2.5915724605163604
103.64797888027965 0.2300667860713892 0.002113200772239008 1.1556391907664743
8.866992692247685 0.047719085072795875 0.004121885144014535 1.9370521177327384
343.2810730485934 0.31007069556900935 0.010196550685748606 2.3793852910307947
8.353993700459654 0.03870717147867406 0.0062617752536331325 1.6575735894972803
103.26845834238425 0.16455416524825855 0.002053065256332599 2.6997946986927954
10.640596168335849 0.04711457658416293 0.009667083806205306 2.7742078439452476
541.9838833183753 0.26572711595435305 0.009700447861261202 2.7233832864572216
65.83251925458998 0.08334264323967472 0.019329524222320312 2.916120160956278
167.38700248465557 0.2462596047273029 0.0027247676067075313 2.0255403468362543
24.000325059679973 0.08484396304117087 0.0023704129381190643 0.8292389850614899
244.7635431599292 0.21272959792585677 0.008684415779482943 4.801705112729469
4.652775318442901 -0.03413410252827484 0.01932037147137827 6.098282907295673
138.05399000691023 0.22147820308110266 0.0066804666204448365 1.8986212168909988e-10
203.6010331155846 0.20486535865439215 0.003699922633820983 2.8109384244128623
18.377630599364547 0.11021962712313516 0.0028526561028044107 5.202635810094409
12.494604699929514 -0.06614927647871274 0.0020341956585269248 2.9758558505186667
20.039392888387717 0.05055077984347528 0.0035945289636749506 0.07053247314702178
165.92398847475076 -0.33070344262376117 0.005629983880405561 5.704190204122969
6.6774691898311955 -0.06974882341146602 0.002926669396457312 3.4589234534161495
12.536018985847864 -0.05329299593398713 0.0022677996839206172 0.9008434968634622
39.76970827201203 0.08948279612553173 0.0027285347819491763 5.580589596813811e-15
13.202771743811603 -0.07015200548649034 0.003775530230439974 0.6581726380326407
91.12021945791362 0.16320310139999605 0.03331853260269078 1.786382681415033
30.751087958176527 -0.08489548939271868 0.0022212869329074065 1.3602687142233663e-14
146.69645258631292 0.14607550363814148 0.005274625267449444 3.118459880320443
39.088756802540885 0.10142692784475044 0.0036207656902256823 2.1637253279440753
91.22053246736296 -0.16337043656457395 0.00883470115978514 5.121865167812112
15.529266903850369 0.06542031118683175 0.019114763989502532 3.5580552854847003
200.34026390257705 -0.18010325021708984 0.007534526263502586 0.5378761350430451
8.367640021247457 0.03090309569618882 0.008708324053856947 3.2415509935251983
68.84058814944954 -0.11514046150840668 0.010076603700648888 3.0092662032563475
116.2374299735202 -0.19053400016886768 0.004799887570880542 5.5333605344052925
54.83085533361987 0.16060633740954916 0.016299850663302303 3.3682781128054327
17.85925647886547 -0.06650242680113133 0.0028383916805276676 0.2872655526785191
7.938768482044075 -0.03251900684508151 0.013542105490045886 3.882346425133408e-12
236.89442175990817 -0.41191505677192974 0.004309061924578998 5.282846161391964
8.995661911717793 0.04335535599629073 0.022786635000889347 9.08794028189177e-09
13.036682087204802 -0.057715361587181685 0.0038692005208486213 0.03763449169486277
14.780383102072408 -0.056602748362714894 0.009471674797794587 2.4557459741153123
186.1125340785329 0.1898143902197743 0.01822519564937541 2.2365715089641176
65.24458861189102 0.13114651693280116 0.0028650458592032356 0.7507686803047532
145.94772973206193 0.21106542378998083 0.01991776206848637 2.557883059346716
201.53366429234026 -0.15019962652142566 0.005720748749702805 2.5390519280944077
12.085136933992128 0.04882283209204702 0.01953355346424015 2.565018640486126
16.33260928740208 0.07631089477866548 0.011377480361126954 2.645747231619835
66.91983891450504 0.08898549774115033 0.010664237158683356 0.7757349776700511
208.69113602128348 -0.24723584002416155 0.0028065844232504507 5.368663659974653
796.1786146206945 -0.38927118075582434 0.005973351271707847 4.861168043353727
583.760347583151 0.40201739737501085 0.002304405803894346 5.683611580635476
29.55732218022053 -0.10653490598488749 0.00859739645491286 1.1854405935867334
17.25569708238799 -0.06346786754231057 0.00811192314648532 0.25214645576489536
8.476159332134317 0.04757907946214274 0.0069273575612796585 2.1378645279626154
228.69471126307175 0.431858655591457 0.003683646330944785 5.892243579477101
51.13860830112277 0.14208890353358183 0.003324213597378448 0.581891345848525
19.683109813350747 0.1408973920379978 0.002424178578486097 0.601416127527038
21.37642722614734 0.07037398881783763 0.003062600876745946 2.350111828784037
11.0143172751423 -0.0554625312361581 0.004627299308647174 5.719093476097225
33.577285095849085 -0.13701821305744896 0.0023029250416816355 6.112277956171591
43.95938297451161 0.10872458636566368 0.010787489376281455 0.3148845407558206
27.143860299731344 -0.0723378617178562 0.01962635395037273 0.808443550177959
122.78017205505596 -0.20213610531885995 0.007234640314650051 0.9233441146872272
132.6584690629812 -0.16559394739810201 0.005566059196071451 5.7856803321985275
523.6881947445813 0.28058834031565527 0.005093210994892464 2.7718756442216956
66.66775205936179 -0.2177941349961182 0.0029961300883929805 5.9418771329527695
9.539597092348226 0.04386536374703953 0.011039812505148152 0.3261463996960164
11.458156899989781 0.08800452260780976 0.007057502620272882 0.23935768098108218
8.312982611828927 -0.07001185869854328 0.0036242794453231223 0.9514530152072433
45.41499632120637 0.11643440825246565 0.00279084046870655 2.7858246551863206
14.590022140425894 -0.06554559988515543 0.010790700664972801 4.46940895229254
199.48709813273518 0.43771603582718543 0.010780676452237174 0.7407128754834107
26.988794173762898 0.06696608446166266 0.0076752666800138335 1.2493307922075294
21.38013752294297 -0.18672726950259366 0.0038696198851841035 0.16579345076880522
3.459550502132982 0.022869188312788266 0.0026744369056105615 1.4480611086052213
101.25352811245124 -0.13267103140700998 0.003078365720547355 2.9126694128538726
711.652609403436 -0.33923584297800435 0.0017943751061457935 2.162577585023076
26.984908215405934 -0.1017188689259488 0.008870400918330882 1.7427149728518962
93.21903930397126 -0.17387858635748976 0.004668747150313282 0.17970033759071313
57.27652167480317 -0.13233234459172313 0.006219474142317041 2.306429478660894
107.95704537233259 -0.1864846175091172 0.006177371070530378 0.8832911360686834
9.832938726934781 0.09565964799580826 0.0029961800937622616 2.8610220311195387
80.19608239279702 0.2755726762324266 0.003008238746396554 5.0130335280757885
8.756039524460776 0.0312708475938355 0.008647789113336832 0.47443682889543826
169.41623482616214 -0.20498425533034326 0.002859532632669637 5.631095668928898
169.214524936896 0.261569945955341 0.005589498204781031 3.3546028535683976
344.5144934415666 -0.2937302991184818 0.027537798887492054 0.6831822883056105
22.142690671116267 -0.05815697201016745 0.017547473475633242 4.634254202993437
204.83176735021692 0.46318088329589147 0.005682493468607827 0.11554872109356884
248.99823368709016 -0.17952933142382554 0.014134300958681043 1.1667845418162615
180.5664182791741 -0.17962954459353292 0.015012636657973477 4.942437797946138
123.0091371176555 0.2619271006942204 0.004520401508740942 2.8742169748383013
41.934574186667156 -0.15312623424612073 0.0072174834195937974 2.0148783952624685
76.99932607826759 -0.11218899536344845 0.004031949456610561 2.2539641658343146
8.779754557318281 -0.06802788336087238 0.011877762039173043 0.19484476048381
60.52866000256339 -0.11234899979749378 0.01818651581416151 0.35425592178067666
55.12409294704424 -0.14116533744969942 0.006119181083851533 2.412273232496419
366.8334381809621 -0.3319245377910477 0.0027705892018723647 4.80952647678598
16.5832020753469 0.0602550382808604 0.01830634129779193 5.993493976398783
59.32632896986477 -0.14384148928601664 0.003978406070130616 2.689950530082061
24.19487116454792 0.10630307359820651 0.009956487213615245 2.877426072662669
14.774817908789373 -0.05727164361378925 0.00705362023699887 1.8019522848079856
42.40612679056024 0.07604365060631155 0.007500197232435363 3.0786961978511074
171.11303309622676 0.3793807949986232 0.01341682242461765 0.15726715066220273
8.142911776230548 0.03806472047614318 0.01484585920902766 5.795854209299403
87.49563079494956 -0.0852639999999997 0.002295914312843972 2.7902947984069054e-15
41.571301175587706 0.11867979011775726 0.0065346676347201324 6.2058091892395435
5.394378799560159 -0.05165818812737387 0.002588473666368985 5.812253173112691
76.19706314347472 0.0808937291291773 0.004054615094465733 4.265388536940148
6.571268011181757 0.03822601830131403 0.007638364237948916 2.165547793043599e-09
10.924336884748902 0.050445918348430485 0.008995108610454968 3.7067240581548826
1149.828649236765 0.3890658675593974 0.01635689633318931 2.5129683983079936
47.841610435679485 0.1423825740649693 0.006897058086949142 3.529894733079627
76.27666362866644 0.14256111889540463 0.0028136657887200527 5.5126615915961175
13.732804384817896 -0.05123703551768022 0.005787163342158723 1.2791268368496386e-08
8.41745936880677 -0.06861706318477928 0.007326827819996545 3.6608667755098596e-12
220.97046336367237 0.27082580457759275 0.03063630263161922 1.1929442794427076
53.69951867001967 0.08978304804394202 0.015180829605488678 5.648309677648018
54.08349986909714 -0.16554676061529144 0.004101686951823931 0.8736654746729109
37.86998062941325 -0.10020225148548939 0.002871914947277259 6.2242541551615505
133.6012569093855 0.30064501428620993 0.0022189276066395215 1.4695064344964166
7.645693502646571 0.04917477941768711 0.013098161204808521 3.087516177486606
113.34251275642814 -0.19819700905771215 0.0027478634914174416 2.9411681854518177
209.46577678448884 -0.618897030008031 0.0022196297970098677 6.207021765877314
142.9156359063252 0.2503855405280374 0.0018239488443101313 4.994947753317087
198.10043590597553 -0.1711009648021239 0.017939744678006297 6.075892860903045
107.2900994114729 -0.20723005610335954 0.0027713700481719335 6.154334367146634
35.1895944974584 -0.0685294836078357 0.0045203999430471885 2.076642722603059e-09
868.9791829822091 0.28136765160379196 0.003912190024088655 4.731901004124815
86.45207498952178 0.23787808327380744 0.008996945256506971 3.9727109838190433
72.55533055237085 -0.1267423930420638 0.01831604019768841 1.3508339597680303
19.366682783691896 0.07446597050123743 0.009103748125782785 4.932828106282198
89.74913578180086 -0.18927447000685543 0.007489498047246186 1.3685309574441233
16.027281767918844 0.04593715507921306 0.02283810334346757 1.7426407499946068
75.70929257984899 0.14259135915080245 0.009798564769371921 3.9438421681470817
20.537568013279355 -0.07483850390154603 0.01050502218621915 3.735949829278149
18.07328830160442 0.04978436736458261 0.005584802791100657 2.1285429007581937
339.64994724900583 -0.3797557763129177 0.002150302979869985 2.9136128508566403
278.10559550164066 0.197666987419844 0.017793035250977574 0.6648302925889519
48.20224668276662 -0.12129531180626849 0.007674426141943476 2.7333058226006677
11.447206793222902 -0.07030993097330929 0.002482259572746556 2.3892620123537296
134.55278846823495 -0.29710167779911534 0.003211120329044791 3.4456116732680506
21.163447967842224 -0.08689466260391807 0.00530007531179234 0.7289071771639364
81.94866979432582 -0.10391915009026431 0.008086286570446844 5.150540192635461
47.93845700298923 0.10720353475560968 0.014474103565376607 3.1862244538819184
495.62505956175795 0.2882298105408574 0.01719493045307318 1.184485826457225
6.80910036241237 0.03498860247036664 0.005035923970500876 5.624361689104624
364.53275999815804 -0.32964177984440846 0.003626520032821615 4.025499651960892
13.025744727771068 0.07516232823220614 0.0025482735386853205 0.7152938836032496
115.06671439760562 -0.14458704446102588 0.010469260901836318 5.146506129094048
293.8349834337247 -0.2371463917863338 0.005808283435462555 5.417853136137713
53.96516163493239 0.0807233582990231 0.0036557248453021737 2.1001564649833875
17.287338620551523 0.05888633538562932 0.007211944182604524 5.879855334042928
7.128440903690098 0.027696768586764536 0.013871620244216199 1.46291513563621
4.927620947123574 0.04496380634187466 0.008883472386699898 0.4937943577928113
7.969293637430921 -0.02945832902601861 0.012080872850094137 4.428647895436935
88.26550652218972 -0.1164002259187672 0.03207280061720438 1.750421684410612e-11
418.3520406456473 -0.276632374707628 0.0022444242565244662 6.278291613165054
59.10586430163873 -0.27628219958536826 0.002834414281336911 0.829599704835788
184.80546972886685 0.14028969402995817 0.020926016473859194 0.37702181601495605
13.543487136048814 0.04773523483729625 0.0032776601249701904 0.8545867454297068
159.67012294089446 0.15029452424915646 0.005016347841138786 0.5798978017878965
74.84001302447541 -0.2104598204005093 0.007994655429363055 5.2805145404575375
111.07683900632931 0.12238797252804068 0.004935941073317416 4.330322821294929
318.41118020222166 0.4047332306113758 0.008124257060251513 5.199625381518967
43.63577867094588 -0.1109218741555291 0.0031582229590703245 0.8849361774422522
10.149497083322535 -0.04655577865250478 0.006483123501477714 5.7797066474756855
16.077567713119898 -0.06352759759762627 0.017358075404826118 1.4785706229022841
91.14154556372358 -0.13155479914865947 0.002597985982052423 2.3023569861845647
109.66533033664572 -0.13911981473579232 0.018267518634373918 1.3053117165949377
9.410729477379784 -0.09136905870359671 0.003932131589246506 5.721267913659652
185.7097482368712 -0.2263252948221778 0.00793234605910983 2.846581091819113
136.44830197162173 0.15028244832768345 0.004524924773566014 1.7504950089622473
24.696838204123964 -0.10224614491147133 0.019122281695791398 2.316219234787487
85.15151756000361 -0.16351354822212663 0.0034638068402466074 1.8237227886822933
26.624630494007192 0.09875758209234248 0.0051349961271026515 2.0685704794512803
4.5944923925041685 -0.06109211359669704 0.0034044253928153054 2.294830876224694
11.349471558884515 -0.0724322094708454 0.0062396554529528265 1.204126938619279
97.58704501730145 0.23847217249039987 0.00631777722969292 2.1975309350750405
32.59888549952301 0.09706348534949683 0.004423351828307019 4.487821700337817
6.829505405690454 -0.057055871613720235 0.0027547903439816904 0.010723628890447595
28.015622032806196 0.10496694997963713 0.004864148854943933 0.4480151133849588
18.694783999964958 0.0757786117587709 0.005779724692355258 2.898960631894983
12.496838564047716 0.06044529138064761 0.002549145597761824 0.17842103290264041
43.49441577102538 -0.18914284311449997 0.0029976821759484904 5.232849957130613
35.99404884819503 -0.10718707483375242 0.010605245595995901 1.1224142973776707
22.812970165798355 0.09791398486736824 0.008074105435356797 0.684485954590165
538.4067288308381 -0.393466816648509 0.019463643717319346 1.710939542207876
37.70246626299323 -0.07640723301780086 0.004591686849017141 0.5919955576814238
124.71662350974482 -0.15907001139848043 0.028561777703061675 0.7272651755581073
107.76826070852559 -0.20263059072730097 0.003299510700186977 0.5455007560496878
403.1449654470137 0.43369234536302703 0.013749773915358275 0.19739446147125592
131.70007624466567 0.22452464369134906 0.006263173420162051 3.0458565620196114
179.7782108479648 -0.3900336964256927 0.002986091293837673 0.0004259341037358947
383.80574781692036 0.26110302376144134 0.005053757175948447 0.11277723027315908
91.3790833568916 -0.12713257338983475 0.0035488251857844887 3.5355229460735376
23.29349377553355 -0.08007275536384054 0.01543527311601428 5.977574078666377
76.57240540975553 0.23165128936345442 0.004300605959739621 5.455101550494509
16.82829716274517 0.08565337127577682 0.0027844247195630825 2.062896867712277
658.847025781326 -0.25469566691864653 0.003945574199568633 1.2322639403464495e-12
7.205718772161654 -0.030407020757027975 0.0030743166469278348 9.51141739406954e-13
10.455140227810574 0.060161686921210406 0.005142007579828646 0.11854441007039566
621.5322970128499 0.330520331789405 0.013166041439625246 1.9440176670322586
10.084631610654982 0.05478644694494156 0.005177039697958545 0.5985971133242164
291.3086325039529 0.3038030548227497 0.0025836672745845374 3.2899654877386486
12.809111018203557 -0.07531342891178866 0.021888533705694317 5.078613890781121
17.31243871795239 -0.04307097096147566 0.01616861241036388 3.4756174023430404
57.50379624961117 -0.262172530416245 0.008558322810116589 3.1537904580215237
254.24607613256586 0.15510355852261282 0.02113862707588888 1.919558261113825
31.902487145944143 -0.08243400000009007 0.0077987001199745125 2.56057391077884
491.8120092336609 -0.35871805025353454 0.005094221650582326 3.1601104379287044
6.056216290262374 0.06522702190343657 0.0028261399837340856 4.537675719385078
64.61640974830512 -0.19224388413830737 0.003147391722845856 0.8332502861469466
156.1698532436159 0.10450996391659773 0.00940477592735143 2.1390275059014083
154.0639421772375 0.13845845524079226 0.006123139085241793 3.6896937571794486
289.1014036922676 0.4446686129698887 0.005749693424708003 0.08145176272655948
123.66018365347323 0.21979013727623486 0.0027554073726394103 1.266027011624693
196.05673501884445 -0.4538810124332131 0.00737778985648764 1.0441591403477823
533.4945573329192 0.2512346278915121 0.002701392115351281 1.346407090447579
37.906007770002425 0.06328546336406177 0.01178085360150457 6.283185304964422
18.26268713641761 0.09109574843975674 0.0018891513406104695 5.77105481518422
91.94755075866692 -0.1300447483098961 0.003119733632663692 4.460813659156079
4.567966419448794 0.07904975380034124 0.003138008508192629 2.3361442806454327
43.55964749928672 -0.1000482399255252 0.004668882059746788 5.827040368984404
205.5993192058682 0.3123528676797487 0.002671909035708641 0.009038441767311051
68.25755605676665 0.08606732820859705 0.017265788978950484 2.023604789031244
22.286124846697536 0.06661300487169197 0.004539932290610004 5.93790275689153
333.01744343553725 0.22198713241398071 0.008238830245000463 4.076927943226966
327.75585471426405 -0.3166000081018808 0.0025520588846808297 1.3867615046946513
36.815803040685466 -0.06988865615945439 0.0068822171708778825 5.487809802709576
12.931269358793994 0.04715812091713899 0.002644883884960387 0.5359060557629383
9.723990529010399 -0.04109369549572339 0.0022783963408513097 5.529169450661905
12.786587218465264 0.04653477897445035 0.004544925974324075 0.16052824318244102
32.21281167990161 -0.09439937328657916 0.004183785281919386 2.0892332303071705e-13
