chi2 A omega phi0 
20.131607615320593 0.09433915810846741 0.00774485713530251 3.565040921156997
5.693345385299969 0.06664602735759816 0.005145282301979973 2.5918545852965558
75.9354067193263 0.1415987572538838 0.008887857549212239 4.510206654280468
464.103617416639 0.45280042907120777 0.0041508487320604205 1.0438653326044893
21.70035078332868 0.07638461283217073 0.0033900951200073574 5.35247390657714
4.539364011460289 0.0385299212876726 0.003331044818387675 2.7019468745690243
127.45124929812708 0.21916116017734238 0.004583090544884119 3.9943038834233633
373.8890121479167 0.29195753624830234 0.002408627174804152 3.4894722238082743
21.149615112596454 0.08078939962716086 0.00251845224069894 1.4912948336792256
467.4963047258792 0.4381496084419385 0.003621099725726894 6.28170670833942
371.05723602049784 0.4298271715320634 0.002796394806921729 1.38185296613539
65.29603524967068 0.17017194084873113 0.005533487476465928 0.5870710708731403
131.98745578326714 0.40189063633763816 0.003919791629728505 1.6340699227425217
96.73752944871661 0.3121480134067983 0.0030955405899386677 5.058498472782378
410.6989812043051 0.5187986062209325 0.0050158633128200986 4.084269987994518
99.10920028675956 0.13751111603201122 0.003506143501732611 5.859058966346931
14.439305116772111 0.08838146005285724 0.0033273349962824215 3.9869355581210346
194.47749402271904 0.24507823615164606 0.006557788078227896 5.032907783455321
7.6680859762916525 0.03928030444878537 0.013865298254895415 2.517729591424093
11.165035682604778 0.056926581917578524 0.006471984198317273 4.1262994412863865
428.1032565630482 0.4524269842933359 0.0026085018607633834 1.8409439360457083
191.1421271300307 0.47675370563759556 0.00551186712949621 5.4961139545731506
6.014959114432709 0.07450870163586909 0.0036421873661741893 2.013780877697148
30.323314299166224 0.07936269612488482 0.0037732961291861 0.8791498730560926
87.4659095307237 0.1371463504030305 0.014191413340671142 2.150665600740624
95.71248285970483 0.36213453472272644 0.0030487840936846717 3.197573966216363
17.54962398203943 0.0778291276234796 0.011505582508879994 3.1811450384291007
73.57645152099421 0.11962518504719961 0.006579922158449089 0.5100559051119494
167.51958924698715 0.23686295673044128 0.004690946377690213 5.550593110923022
76.6718500138683 0.1015096034443597 0.0027383469323774695 5.831179086717761
719.1843155119299 0.6129117323190678 0.004070787811285488 0.016831241205061707
35.01620443911682 0.14564095372094363 0.0017917847675006948 6.147062343092803
15.8155008064973 0.07049074627397513 0.004169455493170761 0.007728392033477036
19.643146810829844 0.10618689198824185 0.0029914792969404354 2.7355291869176677
275.3787937898004 0.30255302870783024 0.007115809760959626 4.905904455994074
360.1213869445381 0.4378984403779008 0.0067435664550112625 6.134794294984351
970.5492353057709 0.4881681561963369 0.008532095614866078 0.0022635100617248295
35.81815580572024 0.17275659009490182 0.008265478850727623 1.0263909703560556
68.54192177172727 0.1677644440205539 0.004959311805454151 3.4089713915269027
156.33621584633312 0.13723328017722514 0.008119996564546168 2.919293203815352
93.1150397913901 0.24681137556569363 0.00626940461664275 6.109043696427603
98.59904783549146 0.13910298332784224 0.0037392308096690077 1.0683763569348336e-06
32.62179494465282 0.12045398354847742 0.012113868014119462 5.916180683739019
147.98130099983538 0.5619226567861473 0.00400267111074258 0.9671321598311065
115.88406868845715 0.32268286045372824 0.0042600092219675385 3.2273995640547377
91.44663396434885 0.17310090112836715 0.002080719366286342 1.3951473992034527e-15
48.750490287022416 0.14592948037494968 0.0073195639672932545 3.2773557854788113
227.14815012151692 0.4080248379683851 0.003447729717264805 0.6779147764259034
54.83759685082057 0.174092143963085 0.004652076783444302 6.186330294891258
8.987131444133091 0.07994767431334904 0.007426832627312941 3.7206471095595113
103.0854351678512 0.2264486260022308 0.0022204846213411153 4.776267063625316
15.840911828094107 0.08913622999433578 0.007591738654222299 0.0
9.468370942657117 0.04697600328880201 0.015131867517945858 2.209569749153856e-06
332.41399428224673 0.5440621218360788 0.0019696942513747952 2.2065225494442773
61.05903757004283 0.14544869268334276 0.013392664050015688 5.413703204535128
24.431165964762574 0.11617494082138663 0.00493829388966689 2.293196356840191e-05
85.59342138341354 0.12691833576700398 0.0028860276365263865 0.1285780347844705
92.78167046313868 0.13304650719807715 0.003530984021237166 0.4632984497265441
5.087997737160012 0.05010067690621731 0.009057865971879603 3.5546254035087435
33.40970269162164 0.05797266051406837 0.015683970824786196 3.203632778861572
179.79158676688235 0.2737353698264248 0.005696995931069771 6.074915609635759
610.0446326636707 0.5662347997334726 0.00854488094974393 3.285803330638359
82.14480370902773 0.16727837463653747 0.0031983732441092194 3.134871230067247
174.36177757050606 0.23046809197320076 0.008059731736228233 3.487868498008632e-16
44.3800483499346 0.13097115851199828 0.003225757379262815 2.3846909591106096
37.39471490131209 0.059007030013610545 0.005830464435647758 2.261397455094714
23.34137529181136 0.2244100847992237 0.003960679053688484 5.946890748184718
22.313333561286342 0.0770086113944042 0.007231277335651433 2.605933136639267
389.2483247657267 0.3246841166807966 0.02007366347587893 4.7526386967535466
42.16002239458908 0.20576150180959707 0.00404507053630212 4.226162974922084
51.85907767684833 0.18711199583091254 0.003074483846622583 3.943597700965852
9.795669628314414 0.03423679769901452 0.009153708650076375 4.442837840698282e-06
5.801652087552669 0.03400633966045281 0.004374116644347234 0.6918581662224365
112.4414597465879 0.19018326834530858 0.005529188874805285 2.4103729870728956
261.9041187398763 0.35865864925952856 0.001996964961209852 3.8208835351746013
47.57195769058405 0.2414702222354875 0.0039050717951054784 6.25393581554816
639.7383399162957 0.7417325631049283 0.013693582582250013 2.2966191336787025
24.783137584715067 0.055949264661069496 0.0022433655676712817 5.2932775135181815
134.80006480433178 0.276460324088566 0.004783856574278517 0.010507892333750882
657.8201387495986 0.44932085213670386 0.0026192530394964033 4.477651899199059
288.68069508163 0.23924778263252686 0.002345901833767381 5.759093534274672
21.13655931289877 0.08267765826085317 0.006548268233471568 4.083083198632958
32.47677459118532 0.08028441939858981 0.015964138900643864 2.26874320265712
17.044493164198244 0.09081252696194951 0.007416450100854628 4.133776768285149
22.131813957680574 0.12479799518056815 0.007273421216674882 7.2690130639841945e-06
181.93584724529424 0.2773334524058817 0.0034565506515323906 5.5019634202386145
242.23264054290516 0.20689406199944588 0.018507868117579554 0.3052106459540659
367.01296014226074 0.3032949590644059 0.003247180116188292 2.8238203559478423
18.692390859371255 0.07367013747935304 0.009318905683724954 5.164705401950448
77.04684724541936 0.2285556926598114 0.0057219511655343756 3.2106527097869055e-11
53.74501881578579 0.15545385013040502 0.021496068688667914 1.4382060019662062
8.881951260895848 0.04889948860648354 0.004838843784316623 4.976384996265272
8.851952666045484 0.04791103084564287 0.002907910569488268 1.1467502559539924
97.58313109804193 0.1469928143004666 0.0028758330173148296 5.7825276868125
78.65570818149074 0.16639613053522792 0.0038963749867680945 5.0874271647836204
73.82973653782946 0.10954453080989861 0.002285911065395319 5.739950431093587
62.754778701091965 0.17336176274943033 0.0019961337371938825 2.104819858390011
520.6547735743775 0.5505768477789776 0.0034097435120382354 1.0482161272365706
100.44091250759513 0.2543270055884719 0.0036671200449587375 5.060897190610525e-13
25.26169491184673 0.07853451167693723 0.00487812722791319 3.980541284386409e-06
167.56861690365153 0.24509501406624012 0.017491393148002462 0.9115601196003761
267.97011911050413 0.46567320785315597 0.01516845802604807 0.7748243625527693
13.441264733589701 0.06263965569345334 0.0031215523860987997 4.004712606332659
53.21188362653927 0.1999248300882046 0.0068909323863731616 0.2889972352037253
97.7974168194744 0.31861406182146024 0.0042729940580461985 4.613347734405659
22.322476769610525 0.07385384490523364 0.01596655106052425 0.15832570097586568
52.97075829568025 0.1546143149572913 0.004434917332879199 2.4839344826531944
7.42700250239257 0.0343677306780551 0.0061427590301431165 3.2866353460222224
49.8030152729501 0.1250642226760794 0.0037935704278433983 2.1552157937220678e-05
447.4907609678113 0.23712253769987962 0.005935754022580081 5.387072885393204
8.254844180702664 0.04054426309773649 0.020232716568767982 1.887714664663893
50.136948771651426 0.16631011001259027 0.0022692009467091484 6.036395449256589
94.20216516565672 0.18467946338165825 0.01415841505628984 1.805335909566661
15.028567230330632 0.061450288470671285 0.005413864697560592 0.70450686757328
37.166106100481606 0.16574883790659714 0.006911265722912051 5.36941755591873
92.6959775866465 0.19565783034404757 0.004336582296620605 0.9878380474334384
11.394218624656169 0.05262817075928064 0.0022386729121427924 3.8791913199993218
458.5819357041837 0.37987899705050615 0.004555970519384956 1.196760572014574
356.76999678435 0.22415783251097382 0.01088697392475135 2.5565970834233833
9.227346454866499 0.06445236712602967 0.017467675451221683 0.49676387106072556
212.39414854641467 0.3814042973974332 0.0018140893905137145 2.2375989416542343
70.97621800733943 0.1651968267745191 0.0057141773169393 2.465113263040166
8.36919986662996 0.03708929204419673 0.0067754374430579285 0.1308847749081028
12.994098782883972 0.08252540304591151 0.003934567854008052 4.319820096486513
239.23519907627673 0.2989539220288529 0.0065067968932710565 4.4020901887661985
232.43850878398146 0.45818640089741675 0.0034243756462831463 5.149600704106302e-07
26.857820394622454 0.0888926608966728 0.006864271067482877 1.7698785637638408
20.911843959281224 0.10509260288561798 0.013861141965906078 2.474951855586433
5.384630913541837 0.043882125865766175 0.0030726918036727228 2.6049759763454516
38.22088552744006 0.11969554428511028 0.00877625117864695 2.8390624676160794
120.59435606982787 0.2326224421723844 0.0036235421307390034 1.3951473992034527e-15
155.4879833913063 0.35334201198592496 0.005350441764056359 0.9261211391379915
182.88608404658063 0.16852428749182605 0.002549906578458251 1.748444930702575
87.11989767611132 0.11429416070399834 0.009713299432634584 1.0919752197777706
12.886705799505702 0.09382851400133649 0.0022415461036124655 4.3887849310442615e-12
291.68669013148883 0.41987869103112213 0.0034033146964335976 6.195908742858689
407.1954992227249 0.3842736523970714 0.0033244653965180952 5.319959468449387
89.88221654102998 0.21531803008647596 0.011986931119812316 0.2874782526850424
5.677736217086662 0.036979791570732896 0.0020301956088873236 6.975736996017264e-16
29.453145335089918 0.08012821475581819 0.003933947749399384 6.0749676199729965
89.47601638882902 0.22211568058565714 0.004499872776282157 4.563672556102426
654.735264761104 0.6020228992240644 0.007357311878237209 5.4026247187111425
14.939831327892882 0.11520292837835966 0.003945823058868248 1.029327944732847
63.823272520374545 0.13094854190719896 0.0034252014856443274 6.068366274828537
20.55827853021345 0.08003361638449669 0.0025768213437568073 5.544458945575977
55.00331852027321 0.13845504742130646 0.009845190240120564 0.20298417373105213
4.49796347667193 0.03968362265761245 0.010023076127442378 1.8083205758231604
45.47114451772881 0.08990643888801653 0.004215307988320573 2.8493484928374984
43.815220566277254 0.1701575616866868 0.00574818410494309 1.4200637777161802
30.549578749949955 0.1529295168368627 0.005567112049875424 0.004303313846763843
17.064222227417176 0.07905066006795121 0.014183560979677204 4.223343786019419
22.023341957933578 0.12366569488379102 0.006376482017626056 5.43746991648811
57.111228107989156 0.16509145578519543 0.008604797266798489 0.674437001132236
748.2381057369984 0.29777344866773997 0.009797626366407833 6.208168018945115e-08
323.43155940086183 0.18279569291470815 0.0023274616030847313 0.08366635707955694
11.682582601500863 0.03681831315645474 0.02347260118187728 2.9199123626773014e-09
26.043297215609094 0.119048578670696 0.011370192685684323 2.2686235600230895
36.429587236466226 0.1457502075132136 0.001968106404409119 0.954498003397252
22.022836062374175 0.09983699719882859 0.004135434595986162 0.6531029920890099
21.7157484255852 0.07905803288845935 0.0026927036241243653 4.324422478131563
14.408507787707213 0.05862145465838514 0.00321097406328117 4.1933645416438
38.19643557536347 0.120150727774566 0.007308283756808462 3.674663514054404
142.130194111011 0.14755494599773633 0.032463646648859125 0.0035774421193320166
34.43426024413336 0.09047624138793282 0.006117955581659146 3.6312578977810035
23.013720028540494 0.125448922596789 0.002728392945115189 0.9540127374418779
66.80468151718007 0.28477742816483964 0.0043209517900709565 3.3722401967342797
52.40620364310375 0.10081166418154751 0.004558746414647927 5.747359891409223
24.272970771682736 0.10288885145403164 0.003808995179053102 2.667104306734906
106.29056116877008 0.18581224522490575 0.004741829932388145 8.641770748479105e-09
6.12024397537532 0.05104805787790318 0.005422394397799705 3.303714453334688e-05
5.01063741146144 0.03340900743511924 0.002230481256495391 3.3779252025859976
26.828561215331366 0.09153403875667218 0.002160132398344354 3.3073050601297935
21.871496507549832 0.08628351980398204 0.011944131617975706 0.3713763971870264
47.43051520383997 0.09760594028704062 0.009677448202054184 0.5617187973004779
215.57217498207314 0.619874165454827 0.004093346564339399 3.0689993198173995
42.75615116539711 0.09403354803386209 0.0018702717886704412 6.204690518544655
9.368586542388089 0.05495255248706382 0.004459297796315343 1.5581193844546863
24.324307663142815 0.0692654033345422 0.003934183363430614 6.202481751295959
56.763122131889745 0.1373641167339059 0.014149601295240124 2.457884291984725
67.64077499431873 0.1514740790161397 0.005573367194527296 0.10655741465750987
142.02300853076028 0.2415479753112535 0.011129719052637555 3.7005742567780535
117.76652957881664 0.21351031958742536 0.00772802054378704 2.2437554183885133
103.09728844540074 0.22220910313505074 0.014812933177245483 1.7871408548752434
36.988992906594106 0.14124334793307614 0.0033377836525982797 1.885890496873267e-12
114.64623959247487 0.2726988407464763 0.0026921039774158184 0.0025974860786875504
11.760465963437728 0.0775252262180832 0.0018397639858352057 3.721563233887078
23.534321823916088 0.0671742840666141 0.005295687353538842 6.121834551553523
331.081999210528 0.3170346597811854 0.0036844437388556164 2.7930957904206126
79.00316742895569 0.31691385557250457 0.006157414106249937 3.9474196954448657
43.60529425983987 0.1798649404435735 0.005183847340607757 0.35987772065096724
19.561747530055133 0.06166797103839504 0.03384686679797396 8.401288144917858e-10
705.0454553753653 0.3866690866931178 0.0019912071491713615 3.017823060440185
348.5716173870065 0.27343083841723087 0.0045825313373700095 2.6205743187778445
187.58980071828506 0.1543256677298183 0.00858820021390561 3.6908461505450525
527.2447199518882 0.39914594247386365 0.016815407801361655 5.2035115686225755
18.59953440426115 0.08069130003879031 0.004274772500784982 6.156305671334675
23.92861327708352 0.09064915404637426 0.006260296155783034 1.870983295247239
3.7566298855209634 0.029352831305913128 0.0076236458670915505 3.7381455645818864
452.79106236956443 0.39491078748053987 0.007129298442686164 0.9780922366183629
345.23123079679016 0.3027749452471628 0.00654535528883673 5.915238208626373
46.01345871755859 0.1246768435780979 0.002784078309909896 1.2321545854495823e-05
4.105420256473069 0.03274477678660029 0.01050730353084984 4.293499997159808
18.168490590343314 0.07401780125900807 0.009266493860215731 0.9358161070453057
261.31695799929645 0.6022076104773963 0.018302906622655483 0.5504819297347476
114.37626387661714 0.2321724944474699 0.0022493577789832104 0.4400300109973522
6.773580590405892 0.07894104400268366 0.002628866186547443 3.017555801467368
16.912134187175855 0.08953066837079429 0.004838657977207183 1.1754116838289088e-13
13.766572314622188 0.10717532944374139 0.010090776451415144 5.282632458930085
216.59713415890994 0.4707497216384384 0.003005966482714712 5.62903398773189
262.49282972174615 0.43160466297668326 0.0045837036294348555 4.401574305927514
55.72894306047811 0.20095232509312463 0.004839223120195783 4.010271300044875
19.25579517887003 0.07036554026068242 0.009357492389630878 2.7259065325302463
66.88245221471894 0.161200499172027 0.003664873752932657 4.705273119771108
56.22109494092716 0.19377272555080094 0.005681655116727807 4.525258826164359
49.546396068628226 0.12306427915448129 0.016893839866422657 1.7647412793794988e-05
330.54750789460564 0.2030060545813872 0.004208638208263338 3.3866194860077754e-06
14.357224432009057 0.04611056228410135 0.0025650859168275604 6.610718820004905e-07
88.25586086388054 0.15645769109661067 0.006491688788547345 5.269465811524969
43.14964596358803 0.10354179067300932 0.008161924937973443 2.9124881978252435
14.721366175670044 0.06796133956953665 0.013297605161464006 0.28381176790721835
163.305745627299 0.3626976014931029 0.0019689581446920156 0.9410246799052286
30.380805549010866 0.16129544526644632 0.003911346784232304 5.755024158795849
18.076483214634344 0.049386012925207064 0.012454712444405071 1.9162197997460546
29.78062278333453 0.12438309356597166 0.004782006242921999 6.046277845812134
34.25927916886021 0.17354716723810173 0.0032114068130944034 1.9253996131310849
194.36412659877976 0.47506032555452604 0.015164624554555464 0.9253406581009813
48.22568709904361 0.13545579328382817 0.002318228089229875 4.909239181024292
18.0334140742516 0.08841008541060606 0.014805535310215683 3.359514937281914e-12
31.759587016710892 0.08519714137377091 0.0024067259223751747 2.047855420786651
40.459728205271304 0.16166907178987222 0.013877881134879392 2.5103369100393387
12.913609307015603 0.1045185998734471 0.008531263906320087 3.4160644996026797
4.4163876934811865 0.05733591643608106 0.002990882246725432 5.309989964239594
109.17230693642209 0.188755796425109 0.005953308429089433 1.9446119045603988e-05
148.51512629310938 0.2817918320430599 0.011997079311267856 0.007737933696554788
164.99766752302332 0.22809605854538553 0.008855254822506514 6.131078964584225
33.335734749363624 0.06971214365035881 0.005136009393533399 1.8285732505001384
276.4814710041495 0.6147332283110671 0.0029938787197724124 6.108327734592985
35.94099399321278 0.11102500796414858 0.006435088162109857 2.2939701791197016
89.29969530097098 0.1636246309801136 0.005356238098884524 1.1101805092041395
134.22155266538687 0.1740833563225732 0.0045018111074558225 2.7520738463380483
3.841667264254593 0.04211352002420134 0.004590111877894716 2.4256950845251843
58.93815756719934 0.09988151538937354 0.01638042061966955 1.632468575075479e-05
141.08781986812738 0.2813190197775492 0.0062995218689359265 1.9740048753062192
11.731026508910857 0.05686911630186069 0.0035099259599006873 1.2389275913036486
114.92331470767631 0.23153677188047728 0.005936218945310466 1.3382837902622773
169.65786753999555 0.25634150383720067 0.0018490806754262428 1.9799146041393365
29.463132359280458 0.11858858869353629 0.0031509897801128397 3.0658063089219163
26.343919753710914 0.16569801643961796 0.0037093542414088562 2.7911903476033717
19.504157461956012 0.11627566757656149 0.004285149255981226 0.1413360618538586
125.05588389570445 0.2634297423526516 0.005675275200858509 1.334010490891297
205.77012699242076 0.44257098631059283 0.004446238800862165 5.792139754308592
31.501719850002456 0.11816240196234289 0.0028869898978158225 5.40997569405628
34.17634453958208 0.08456039962136028 0.007723209569813101 4.2513547550988635
19.225086003528364 0.1281822243919573 0.020077477286936103 4.021260779060428
447.20728330079936 0.48661834343622706 0.008380762083152474 0.7570279565546393
128.94012308750266 0.15346086454378777 0.0032100387393678527 4.043463591910453
219.76723561645582 0.3321014994650391 0.007774794108962745 4.012971892934812
29.042230739512245 0.14118085649918857 0.01559221697361795 5.786659590177088
4.699936094879275 0.034076648934376876 0.00943289732807931 3.0514860870937914
95.54306425233979 0.2198887350702287 0.0049550462989185985 3.890612180112917
7.110752409448527 0.07072422681154895 0.010880839682473675 3.4148046274704886
14.192018356534389 0.07811290413436732 0.006743661093271661 1.0272371560354283
97.00174896775825 0.3185131585023789 0.006135571661050591 0.0006032320436054082
308.6453754830472 0.29667435835084666 0.006997682666979302 1.9307293738009945
23.621022787444794 0.06123222995673285 0.0030107245248406126 8.848722379447898e-13
91.58239485959797 0.2107082932141884 0.0049881385206598135 4.721574831498223
109.0916816104879 0.279856904429759 0.005199778557430344 1.771302656232513
47.69257988305219 0.14335206921672508 0.0054426870756946605 0.01468800351232571
6.697685229533253 0.04606273182495681 0.008088216109215677 8.067439835893966e-13
39.2965608106867 0.10655042817844385 0.0023886951334244223 2.0295542899383485
13.998942977529305 0.06011294957113695 0.004562246541342522 0.016091483741595126
1079.4716632166053 0.4700077368536804 0.008212736334300945 2.567610135559586e-07
550.7412042464434 0.46352637869280705 0.00512360353437781 2.8532083420530707
159.78419914829104 0.2811119332071645 0.0080231323824408 4.542797101128406
85.72260963844057 0.22266759358686564 0.005445689495793327 6.04628361902339
28.60035136472792 0.10076073675413444 0.008835446290148992 0.004963514254884777
77.03171605223002 0.16881374253088827 0.0034999281094288464 5.2298667555590495
172.81240631896614 0.3728581912549057 0.008804910087412033 3.236845940772343
21.915187998461956 0.11822354067246653 0.009269051139098216 1.939690577436778
45.854096450872056 0.14969589010640666 0.006151940298448463 4.564071006954085
41.274665678440236 0.12065919736242357 0.0022881798714430787 3.1378236948287426
11.840120539142143 0.0565151004745952 0.002779506647096685 0.5464094236726428
19.21555829854635 0.05506291869608122 0.007738405610723002 1.7403812347072751
77.81475379516357 0.141456649612905 0.002593363211183089 4.609656987237696
192.37035380019012 0.2252142038517446 0.008801860163841463 0.0025085507485012883
16.434789289079035 0.12748604850202674 0.0026424933217875043 2.909838473504572
5.751741505714743 0.05723487199273518 0.00186278781809072 6.230375803963694
67.96782893609733 0.12817453139466445 0.004179922740510569 2.47289876508812e-13
86.25688564096468 0.15092765309774078 0.010914477030077868 5.023495052592749
16.70172055803931 0.07696045425726683 0.011250183785852887 4.418440467648249
33.406258735556044 0.14958758456374469 0.005702264224771319 0.24871969653139325
6.083233513227327 0.05433693284698247 0.004026106649247931 1.2556326592831074e-14
40.7853105441753 0.17217778806573514 0.010037128155932076 2.69753651332604
6.210593468345255 0.06290546078930898 0.004791201066823538 1.9026102393567783
14.859302155499055 0.05054423552986089 0.006562043820457404 0.08457547455140822
9.48279767425726 0.10743967635973241 0.0034404847708845274 2.732337439516577
14.948030816737822 0.05342158785653791 0.006045099425417814 3.35103493904922
1684.7980523909762 0.5971029006755629 0.002586968363133071 6.180074205528374
239.52797975719315 0.2194294017072634 0.012291077549319943 5.2765283668508385
110.16133341169584 0.16035950669285795 0.007131715657211396 4.2905618334447135
93.97612843900188 0.24806617262004022 0.006202952620822764 3.623192782829989
21.68797543028583 0.057966011708500145 0.0027908762471527326 1.473024574342386
45.28524963734103 0.09778891217148157 0.0019238937904144746 2.3151136832245527
100.33126082820705 0.1356911529115827 0.0032831270513526624 0.00014640093350146128
24.537654601029505 0.08805437495118922 0.002056475409991096 3.1611874273837617
102.88830724451022 0.19595683768163943 0.007783401504787613 2.516066740968886
18.49730265076775 0.06750785933346728 0.0037652700227085224 3.0492772946354214
35.098338936020454 0.07826727126404205 0.013656297935666261 1.1704358864621351
6.87054666882883 0.03981354260827584 0.009505775897923762 5.9026568002915204e-05
7.949643422841944 0.059286174351197825 0.003679868535983453 4.272467659671039
21.29937722820554 0.14660748248805566 0.005501043440581063 4.753623982646256
7.251060222218488 0.05701468960048336 0.002290680780945642 3.2003430332597835
48.50730522335134 0.10422306515450372 0.006081896596416074 4.057935825964831
23.621567614445777 0.12646459502236615 0.0033176037742308744 3.927534488155475
149.7832537955842 0.19364650596711278 0.0071269270523914 1.481904906534497
14.91691798016063 0.06652223981097866 0.0039183546748827545 5.750192217292577
114.68073753883174 0.20356949293171428 0.007258180354309574 4.147328872540731
28.098876652293274 0.13314503889114992 0.006424183609125309 1.924537567758706
32.5877235087482 0.132148278287855 0.004108705052977194 4.469558266884186
35.52663178392122 0.09475599475037308 0.005364446738628487 1.593591333249408
639.8626047918225 0.5973489610454663 0.0027556159477481867 2.9263483219247166
13.712704008763469 0.09301192291502752 0.007038109633927618 3.3707372086690186
14.323536589376747 0.05956499749960259 0.0025726644944499893 3.4417818331852166
51.57702549110905 0.21558645612889168 0.002378269939581394 1.00190618529349
37.89358541120798 0.1227544773702468 0.0022230928857295633 6.073627737741733
108.73405483030668 0.19728739432811498 0.006197891383026424 2.653684217181059
24.488988983476613 0.07545197283626799 0.0018856651802705534 5.906648208216835
60.803191287943974 0.19935985896401948 0.005066532102035732 1.274535334380996
11.54507046760409 0.05089160775856805 0.0032957977606724027 4.446702319376574
18.293183797751045 0.05383181966014886 0.010141634326144493 0.5610692468923879
205.3936886791645 0.33887072859627415 0.01145436168211693 4.719674793190552
57.34205798087897 0.18161841959722305 0.004036775375975301 4.547266679831764
138.6168599657806 0.17479780784915508 0.0073040335779844204 1.5717256497847172
24.629520774756596 0.10624828204171655 0.005670511261436223 3.2493351925802703
7.187310140069744 0.0696923554845878 0.0076979195380342865 1.4857925317844314
30.44137286172242 0.11980692896616794 0.007296681360345717 5.440891394199911
8.495828104557763 0.06033258873776528 0.0038327206090106192 3.9215424857532315
14.719753324185744 0.07038212144756664 0.009112500249910805 5.661358672246356
181.0059288506752 0.34687646818723233 0.007201165625678046 0.34125983261697235
295.1181404027158 0.2872573268003006 0.0066685941683721165 2.3819551757176325
10.326868247919649 0.04069300205394901 0.010100468410290987 3.410263832703366
488.79249535003123 0.4211633435042486 0.007183096990680199 1.0474814269428816
16.751604352872327 0.10910053959218952 0.0065673681900852805 1.9416697177641216
70.48163186416961 0.2003113429747769 0.00885002455097714 3.391685700502741
532.3409918288514 0.36419380564305004 0.005293832613348555 3.612685992725175
107.67578848592346 0.4659535703315713 0.006575611106997071 1.6129916119280747
96.28760012980865 0.34094797783421804 0.002994457284173137 2.1332204544879754
16.976942662102548 0.13341719290255916 0.0057392666986262626 5.87756819802633
14.276495960739755 0.07693667884735 0.0037826613627823633 0.02743922840516087
317.5933723783206 0.3272808603533886 0.0029536548508987286 1.1157392900848426
23.696463536011077 0.08967461731633752 0.0065031391467916195 2.148882299476176
13.481484228909286 0.05990331320010165 0.0027847509856451444 3.8303652765694993
212.6631315881022 0.3095487544097015 0.0051465866594286045 4.295114686304833
21.29286820360396 0.07633325712803474 0.006302665640775628 9.417244944623305e-15
15.622700365870829 0.051255726529396965 0.0018243854358322238 3.769195995823149
19.74179342705176 0.11695214317227452 0.0028130740992614576 4.384846077918024
31.89265316742697 0.09545942845300902 0.007103761210740367 0.12369705072664923
102.19724017183385 0.2779078588845899 0.007252027171255412 3.4597395027228415
67.75664047988607 0.16298850678612742 0.008234440502861588 5.231802747012947e-15
117.21992251709865 0.20419870594974537 0.0054879431465973336 1.32539002924328e-13
4.70453891219877 0.04876317834915536 0.0039062942456230855 5.548183346699615
36.661177535680885 0.10649859260514954 0.0033130174314524464 3.0197229149674176
202.00394795543858 0.3748061724005591 0.008135688987832044 0.00013597185854349682
20.39529075614133 0.06703942141185273 0.00225334537644902 5.386728235964689
115.17257425074418 0.22128964172905052 0.00321844229703085 4.889177723254937
8.636779368055064 0.03378481720677856 0.0030764487530201157 3.504642618723787
308.7991586547254 0.4705659331927533 0.0018832230917912591 3.4153269429568938
19.49229999715552 0.07157834602883083 0.0049210209142316955 3.0149778997350114
16.105435489388423 0.12095756100612155 0.004206517417044413 1.9941957392762468
12.221820973225373 0.04795961142831915 0.009292805563915965 1.4914384842064883
31.860387430625952 0.07497886504586412 0.004523681130615336 2.519550447232315
7.588503319233092 0.03615088735883198 0.002600294400307099 5.8431901530125705
85.24684955303604 0.24150664724018178 0.010666253911436954 1.2375913676014547
29.158753124064624 0.171349666971299 0.005445838099738024 6.0211253067921
475.77061281198354 0.29532441292754946 0.002872722724639314 4.529058391753895
475.49125364206077 0.43090395536743376 0.002694737895512933 4.768494166356372
758.5096122320656 0.5577973908669902 0.0035810923396497416 2.650005432399654
321.8965131836758 0.3355493826880894 0.0032471466869460615 2.139735749423747
124.29353964471477 0.2450148683547404 0.0022364297291473222 5.297188679723531
74.24670704607804 0.19247350820861928 0.002720066777390725 1.856496330991815
178.1226766992762 0.18924779408694326 0.005831371130503686 1.1196335769072108
73.65649859820871 0.1906564696914704 0.005674112487077439 5.007308384103957
16.088069938869488 0.10926899156292864 0.0022221634340641853 1.6961360907828406e-05
190.2884018221078 0.420641312641768 0.0025362560094110117 0.44916355955728743
221.06914392012544 0.26786829107989607 0.0034818039875165714 3.570001229860813
119.01028699817589 0.21642289512585944 0.00806256656401947 6.070596305219471
305.5554112602125 0.3094654888103948 0.0036264660141590286 6.222499451932521
27.048835740579477 0.07563630520862652 0.007371186990834296 1.636856686115451e-12
20.705300288724352 0.06725827012923656 0.021795203909239516 1.4597321502361809
10.938739334293027 0.058645955279088356 0.002164075435492729 4.012156581858728
321.8283289238964 0.2857446387399666 0.006974930712612631 5.153648926581464e-08
239.9343117218615 0.339745829249822 0.0032617495650421775 2.0741080389925646
71.00904861959862 0.2826407819826819 0.00817754159113506 1.0463605494025895e-15
19.687503951577977 0.1557471629907561 0.0050813161349570965 0.6186236696652905
43.615259834530825 0.18180099161215799 0.012194513049967125 0.9295297928287484
73.04351901923847 0.12001624914803169 0.01206621729355033 2.1723911804279515e-06
20.61258269797452 0.09096514990877377 0.003776880293213586 4.591338076778298
14.487134579264957 0.07786751580919195 0.01816025665138796 0.035315822697715896
38.29655735467512 0.11128651819423829 0.002202587664676152 3.3746234592101785
20.281064920872492 0.07189960889246295 0.005202885882506399 4.235164637679277
255.901600327664 0.29219234043281345 0.01590999365572993 1.8139633777045863
120.00177932160598 0.2835538009159379 0.004038958833787138 3.254167342130684
9.247073489785912 0.06273514242380968 0.011357199839393397 2.8670546951103
79.45267744747551 0.2418427978022166 0.004642336376765701 3.487868498008632e-16
23.847758642601164 0.09656705299854858 0.0027548019051034977 4.777422705709766
56.0511920145556 0.11014565700085871 0.031258034844191075 3.8944796802584127
13.818269134535326 0.056016467701285405 0.011067312560614738 3.9962633657139173
42.2560365267965 0.09986372528576833 0.006098966298061231 4.732875555945154
6.931102122237921 0.045698282845853505 0.010699496654335028 3.2724577395716184e-11
84.24631319797206 0.28646729393467807 0.0032747186304766043 2.9043531166499386
6.831829416515632 0.06439072733258316 0.011559390454993528 0.11072625494139637
4.590061118263226 0.0399758978811938 0.0025824004970847743 1.4680985650049613e-07
17.308764258762526 0.06716344919366724 0.006808651399782247 1.7354693397361254
31.143625895285506 0.07065662622448375 0.013120441658997398 4.907406954621777
325.12933031896756 0.3251739017114723 0.0019657874908271204 2.815706210267773
209.89804944182785 0.2790578974636981 0.0030688654066227815 3.922168617548974
453.2652853075816 0.31769354179561526 0.006139808422388551 5.170007636861612
458.74141512151516 0.294224320612872 0.0032478685645149523 1.3291695642114076
22.49253248777715 0.07476376538352046 0.012496409335376841 0.021435160817000067
7.7247360833541165 0.038539662653077796 0.008461090197492084 1.6164698606835937
19.778048723389936 0.051609904472377975 0.012038545359655092 1.1990502686093079
20.201275914685933 0.09077995540773966 0.005274378703330265 0.8448028776050134
50.286162882794116 0.17657437800292666 0.009083944275363026 2.1957271467365542
44.461882194652176 0.13181211153648023 0.004198873342946918 0.4621827281254443
7.7159095103481885 0.07029748491248763 0.0042793973692549225 0.6894241365342844
16.552653014334904 0.06133325083494314 0.009920955473635895 1.222859014981041
378.58896788151014 0.2156324135762421 0.016483986965336497 3.748815335777411
14.530137735157309 0.04881367366405454 0.016052967766732144 0.001328188906078502
23.279583201763746 0.07043623708804649 0.011734758011660379 2.2071831025387283
62.380326321543166 0.16721760194948246 0.004115267777187577 5.208746889880561e-09
25.902995012826064 0.08493430121672323 0.0025562599113095876 2.8940604278337263
14.348991775678012 0.08447612338900064 0.01671735244379966 0.2760014855345023
14.908842102821522 0.03698292682413392 0.0026198268278525335 6.088080589665711
92.47371756841201 0.09785042470341998 0.012468361252748967 4.1554837058923475
10.925590361690073 0.11220648479763971 0.003622546263057587 1.9532063588848337e-13
32.61026789297522 0.08869141255097639 0.0040406467436175635 4.193532111836612
245.79398790447937 0.19439464798302025 0.018608738817874372 4.425107886840063
23.586313865336635 0.065173982234471 0.002317722068450728 5.221092178473353
160.73729887927945 0.24950824213200049 0.003939444708722213 3.5114911268976092
6.5092186699571615 0.0437962925111623 0.006119196263861728 1.374002613538727
13.187262366748545 0.06221916578803819 0.011501046637607011 2.1548275979564626
61.57238445691244 0.21540598015877377 0.004599269966804834 3.2847004311806796
47.784625804702124 0.12382924971337783 0.004349452857383246 3.8884707720503626
305.90207480194664 0.21139182380683239 0.004994618974142685 5.304944290386851
6.829896253428112 0.036647878053725894 0.004760910319254321 6.09528511930525
20.075323004682964 0.09622340652249929 0.003013704062106589 0.6690485839615032
202.81536621471096 0.26262372505666637 0.003911556053289516 0.759034669654298
90.7476818356407 0.21338520146200288 0.002111923930219085 3.63807279718451
12.725400725981487 0.06219097885005912 0.005491261427790102 1.1889989022743538e-07
25.575076665183513 0.07941742043119736 0.0025061315469335713 5.995944391467427
31.203711894849885 0.07190370921846223 0.017766696671374965 3.4176263111737626
20.573012112473464 0.06625870068224729 0.002406437647403797 2.183337980871541
45.52945293539423 0.17243841575446817 0.001837436580958267 5.607597025148686
352.33484761222724 0.47182515134041575 0.0021783113438920776 0.8157624201854773
10.284613604629362 0.05861231506368884 0.005095796642830164 5.994460650425053
16.215333869038986 0.053971671489542614 0.004742215966958866 1.1054645770579623
28.54460199328359 0.06706259878760105 0.021800839153585508 1.1398354251492208e-12
24.066823539127792 0.08185968193883696 0.009021319173136049 1.138099541910783
90.96869527237259 0.19575878321907192 0.0031065087393348212 2.689078021680943
565.7988357720124 0.26166531095715784 0.005554395385956454 5.436686525719796
343.7896765584864 0.32326007383032873 0.007522893226850583 1.5784582010397148
259.8640822313923 0.2586402390175853 0.008585429737190401 2.7111593412933717
767.4911261714277 0.7000985109203397 0.005058565348820493 4.1436480992578755
78.63696977515268 0.1467102782643662 0.002119222705991105 6.039934182891674e-05
27.34082283974888 0.11312670453197081 0.0033683288730310392 4.883783228281646e-11
22.544453326458978 0.12334303653270914 0.005457944198787715 5.720904650078667
83.81585438414004 0.36152225271881605 0.004145520168110881 2.1393580672034083
151.9413966710448 0.30254307151216275 0.0018110253802745763 2.958353769945725
250.19436201807918 0.7144857980621014 0.007826683268442382 3.5142547872062786
439.7313978899531 0.5272709485960504 0.0035746733994844624 2.347901141889982
237.90499087326165 0.35361093094783846 0.004610421216425256 3.8792962984410657
57.09408017612361 0.2013027972914437 0.004027180013859493 0.6110700739230576
149.95136378935143 0.32701759857193313 0.0032964437040160772 4.8887116173503875
15.836991460613667 0.08043276916542848 0.010061926875545732 2.3122412873306684
99.21034867522627 0.14810693186973636 0.016544179115582085 2.5042789854381486
5.913084580591984 0.05131820254611124 0.0025722187579650503 2.7438797672414763
5.792897218059455 0.059323284599278985 0.018459450666394064 4.943052647630933
258.79675595641976 0.283206208672188 0.0029658912252692707 6.243087158247442
3.867324140348691 0.03237571243493953 0.003277835614110259 4.88212920677583
9.61561208653905 0.11097593322726362 0.007420141540632599 0.9747576599231345
30.674130630712323 0.06518088451177138 0.006471139471654192 3.133095443975966
238.98591760696138 0.3805723235286848 0.014904312976087304 1.4646684786476187
13.701603324495416 0.06543463841084432 0.011045147960842206 3.074637319174311
99.81878588548444 0.18578202635737825 0.005046256792744071 0.4766347395946382
8.369942385431544 0.03540115315212175 0.0030789743180018522 0.44021004615327036
8.257502657933255 0.04640530357421356 0.0022845348852877302 4.936309558400817
7.077849668469779 0.04214737202725745 0.0023856010398974445 1.5193144069330757
470.84941522373947 0.32789114252507906 0.0022246717245625433 4.886639404087507
16.419048553809887 0.11118321594662686 0.008434280389238706 4.956038797225837
563.658413069843 0.3007255754883106 0.010610033416901813 1.3057252051753345
34.0561719657632 0.08938367089807135 0.0070012753696320085 5.93297141620316
342.0836505871042 0.4633939709962112 0.002125483025868339 3.9533629040063354
490.6056267728161 0.45574359150915483 0.003788055832611682 0.2443665403653097
145.39516736382163 0.25564490271259 0.0038971440197826408 8.327941381583436e-07
8.070803600358175 0.10891918895158752 0.0044970064401021175 1.6354327062835665
6.776591341308306 0.02597164272835054 0.020072641780561354 1.7844736683573355
178.71939166488812 0.30249550421325483 0.0037705292179714143 0.001780537668759006
485.97092620735197 0.4125307034202045 0.0017646557545659381 0.6223353292209833
29.301538748945248 0.094781721619246 0.005025748473400201 5.6936620343884154
3.9170408927053573 0.02821295884556384 0.002434386777609135 1.746437475570653
57.38306594423121 0.18343448798063172 0.0035818161985451155 1.4039945032653633
101.82710769732729 0.21239830796021505 0.01724402733620665 1.2188364443317221
10.791488227430701 0.058377992336892795 0.01013458375236303 3.3487419826645057
79.95602451484267 0.21554710615271044 0.0039285031351985475 1.2955489980801417e-13
58.69732120340613 0.10296451167567987 0.012879203605771637 7.789665733253439e-10
793.7500495075251 0.6808406550947695 0.003394209048193045 3.5370991035792527
200.7548854376494 0.25376946705784426 0.004775245422671682 2.7708280128025953
403.5665604624847 0.3346757649554201 0.0058278889339522 4.90674808055541
100.13340966339777 0.1979006224944971 0.004889681731706112 2.6992754856171186
419.20098184508055 0.4291651499390415 0.004285268694290521 1.0384410964428514
38.26813188115486 0.08677652723362855 0.0024206051195036975 1.4899470590738833
18.320245787094375 0.06576813388503089 0.01393803451932546 1.7886619802200572
146.47426918366983 0.24306538886335188 0.005724105778439374 2.62154657191259
26.560591712444158 0.06963703355358009 0.015044929063673352 2.1946365091871707
192.39312437560318 0.2152097233549771 0.0024534690252649804 5.229650714843774
44.23174949949213 0.12735824037996094 0.0051138368312735995 6.740535785608337e-13
6.088624931591635 0.03253071177459613 0.015135947626748207 3.088523413314749
215.67558983431363 0.47835904147519587 0.003918165820548762 1.804412923400548
10.956338280379734 0.08781881726373911 0.003899335589617811 2.0343699560430832
87.92616115190515 0.18794946366679316 0.010079239785981828 3.1142349203526356
397.4689221794601 0.4045645012013223 0.008596174292083219 9.851355140005337e-15
29.76759497575129 0.16533542393933198 0.007772241391465039 0.8720258159659721
9.203143407758512 0.0826490655971138 0.006915769583991887 2.987245016611177
29.3788870559925 0.10676426876626291 0.0066774752425942125 0.01803831938665825
15.942475491496547 0.09549106851761698 0.007164687953981329 0.7638588047153403
62.77498274771311 0.21633606114676204 0.002605303953802649 3.252524366662244
62.962167455409244 0.1613174814363586 0.013759153876090977 5.684742678100746
13.805754845797377 0.05447544527577764 0.010146805015649152 1.065303760376619
11.62350917990485 0.08207140739182175 0.004122039774268485 4.201379280951601
89.23138074559309 0.23019045207677039 0.002622540264621143 3.2857253769246992
204.40921176599718 0.21283730761205205 0.009342963416613318 2.250694727303569
43.724413274579234 0.10001333542125672 0.0037592846364054486 4.70222007164145
39.4101472608275 0.10436702014546194 0.006743625318207837 3.5025896280803748
84.75813687666175 0.15236411889949383 0.018428700534507864 0.7707802824331365
44.69589422776736 0.14271686265538697 0.005887826296449208 2.787138117974687
99.56480421208873 0.16278351998089458 0.008555881325145915 6.276982648312963
148.50727234320294 0.21359039586765133 0.00297019194145296 4.82932327925316
8.79965716511328 0.0770228347323999 0.006748702230315773 4.219947924918078
151.5606747557752 0.16171811943329564 0.003942393552867561 3.662252311211788
75.62492105237403 0.26000630078904474 0.002634554890181913 6.1982068865851785
140.67426223226917 0.1582126883119102 0.008479514431032167 7.870644349361304e-14
460.02804323532655 0.6015004829865159 0.002430738817111296 6.80440908053891e-15
9.744890298557333 0.05762790048977972 0.008600269539209697 0.1360133295069062
6.012421902739514 0.050486167613586375 0.008940764582339167 3.3738230396920246
13.730910236007986 0.05222777896096539 0.0020756555917145407 4.113540224328195
561.1465112441008 0.5564206461436703 0.012915305035805331 3.54498482082901
16.08844998401083 0.09005775998886284 0.0025809090931336078 0.013481459687955735
142.7710813126883 0.30468739399112166 0.004919448314791423 0.6255644497775819
4.963483925307847 0.06335558398046358 0.017974448351886104 5.895214914253854
17.556224146457776 0.1018149706944925 0.0022190490399115388 2.2431799151353005
15.357222144549906 0.07329721574133954 0.004678295999052437 2.687062141299921
42.19911244385374 0.13498146750701312 0.0037362213427680605 1.4620448005934021
23.203031802325736 0.10767119712873843 0.0023326812232284094 2.7953778290124105
37.77889967410343 0.11847807169735411 0.0025781655820779834 1.5427919683039948
34.11913758303761 0.14270493788366012 0.015882887556369574 1.3645905872684767
171.54046902951572 0.2793816669289687 0.007765366423803949 1.4006811714656286
62.02394912451421 0.12233500980480348 0.018924102065000527 4.816997691215726
307.5871895599764 0.5808809825275755 0.0038608109264746822 3.6497570574145923
18.01123919519834 0.087697085536857 0.004074749920714246 4.318911138661132
6.634694822852228 0.04968532935008802 0.009691389822577126 5.373252024995041
96.16454811876855 0.1573271446218197 0.023222955886850256 1.9854188776785382
99.92090760070055 0.23408582982175033 0.0029356437873392623 0.038610065476949534
220.35318290095975 0.2044603628214653 0.008392972244786297 5.435134272125261
16.41662520388614 0.060383627695853447 0.005807072054512257 5.259659529783344
223.2085506528444 0.18519136047974916 0.02491283054751157 6.283185307179585
22.61304964590263 0.13620380236799254 0.002627460178531614 4.34930428391635
173.91132580426847 0.3353247395687857 0.0074586615624842555 2.235785076058906
213.88549852840347 0.22401483149768994 0.0031748755815095816 1.0823251725814704
544.8252328687695 0.2966990773926725 0.005614901210485394 3.723426436600065
77.91153698615729 0.18738403743050125 0.0036260660280397422 5.808540314518789
38.92004446755065 0.09736247908195426 0.007377727725637605 2.9647396499147365
12.346714021055753 0.07564769770489474 0.004208055578165867 5.269617112844668
98.23933695661943 0.19831508184246913 0.005495724176557903 3.1361519921301966
11.63993238337293 0.06539765816028903 0.0029931261058857212 1.5317616491635173
12.238132638204846 0.08665114971843339 0.004818193381223816 2.2437717820678063
127.01334174259875 0.213421721118916 0.02224205046019851 0.869196656402257
55.51921494140529 0.15172854677487335 0.0045536615855416105 4.119566937159716
48.6301879966603 0.13411291989171456 0.0023498898188200894 0.30339804025572514
258.85260160332 0.47822392512477513 0.005672690766216688 1.7890465062059744
42.439263424110536 0.10153370219621344 0.0018057108952637916 1.466077850523741
178.81228313908076 0.26450743507073715 0.004235112097524213 1.2843771303800917e-05
16.65359072772654 0.10861815151148879 0.003462464262331846 0.11782310570831668
16.403914997939392 0.12506798480505787 0.002251633353523881 1.6900560014507997
58.55029403145887 0.21866245437360343 0.0022330680789953952 4.559067054903071
67.21266382736287 0.12936650073370703 0.006013308409420914 1.480280921725628
9.365831357454004 0.057380525504846555 0.0022187281676259393 5.576155013871688
6.703039364606064 0.045897127255609106 0.009229394281176471 1.361269942064874
82.38140212304936 0.13927652245895916 0.0075185518918328646 1.706432401882595
15.059323167458997 0.08772754053062108 0.0023511413052535535 3.955944870642031
12.405520025895463 0.06042107065135051 0.011837074257005274 0.2461234883589102
52.156193241456755 0.32604611300408826 0.004018153990091056 6.029431169988361
4.759906874229737 0.05883966977111352 0.0018694911427460297 1.2093767590568758
125.82756598206986 0.2298040770446485 0.011765635230543605 3.573767632150992
10.578796762391278 0.047568762235313485 0.03509962264667815 3.3273800941344684
343.59610206417955 0.3677149022735681 0.0037122311816364653 5.542364432008292
82.82631123763572 0.15193047985243344 0.004942164167715586 6.193451884735057
41.607991272257266 0.04241084166954757 0.002627458325675875 4.714945986622523
8.251084380019494 0.033848486447661294 0.002769108268394401 3.8634531547822174e-09
15.208712597194348 0.10017651556440696 0.0018335990141346056 3.8984764544880656e-15
7.409871774819596 0.034293373922828434 0.026870553355271456 1.2141700661860604
15.396167495988406 0.08289747437154232 0.0038727931631134245 6.27713189035889
52.70152853104585 0.11472589429164361 0.007625991322003107 1.6251798201145983e-14
13.523425045614292 0.05197297632272705 0.002906563462866907 1.9243457584797086
8.506332874108487 0.049720675767575724 0.011043682722990769 1.3235656781660057
83.26279555131643 0.19531358435129814 0.016838160569934 4.7990832710720655e-12
7.47934452045122 0.05371734317672159 0.004990284247641357 5.578239786555247
523.8378128097771 0.32001114558136884 0.003515074426549469 3.59376331402935
318.4890970798614 0.31111045518205327 0.0022242690467490504 3.02029374015111
13.863933062939237 0.070366723981191 0.0038796721530925393 3.643472053030262
128.96643561035734 0.2885047984433457 0.002540155733559246 4.790767961869942
21.486537448934463 0.08513014695792134 0.005789166375824531 1.213841390286741
62.91744562080615 0.1923971112421845 0.0020214309778851538 5.279462715291187
7.4443089494714165 0.06270354513407812 0.002007839976049528 1.6117261749561882
29.600597882345436 0.10615186049913715 0.0031247716180355283 4.301077022287695
67.08400909875638 0.22022097036456456 0.003111972016325563 2.047571020605452
295.2550847958708 0.3576510069612566 0.0102074684171473 2.4234752937638016
342.9265798903088 0.3797933138337425 0.002717883799410484 3.670083734711734
4.77370529396116 0.034756169325972454 0.007681691266082495 4.385065837998776
26.3286397680416 0.11555574659652658 0.0071713459603127945 0.4536267924790653
123.39961449061138 0.17170504594225175 0.0022967174131885175 0.5383159888377467
432.86429196344545 0.5279882435605483 0.017177894719042536 0.134037030166991
60.43576119143609 0.0943003303111549 0.0052441484802576745 3.3626487391285274
34.90822726275849 0.10622191524799952 0.01711136717308748 0.6291457996193588
130.0775988410862 0.2208955737995069 0.002108464741755786 2.7138000725565257
22.178166625260612 0.09663467900049409 0.004303803985147343 4.731688214059743
227.7482459231256 0.6844786636238083 0.0026513505823788706 2.6592291287656984
5.553159449444612 0.03571084909166452 0.015520383893715371 0.0007465558591554454
31.969309432903234 0.1378842445546391 0.002235834072068973 0.2416112512213719
25.833569020646333 0.09832849349321342 0.006079340756618715 6.283185285957361
475.30236345547434 0.5434346832385554 0.0021600021886139242 6.202199609745179
253.10238261869367 0.2440585527093663 0.008281357834600146 1.290533152742621
41.85699767043698 0.11279662848988967 0.010369139047034851 3.4296671904914646
659.4435602794753 0.40554806577498287 0.009489620187369747 0.04343913450052715
275.69784373756977 0.4862168724594749 0.005343274518145839 4.511070620085072
8.414212099150056 0.06485926672645512 0.009163510436607125 1.0839984524461064
60.54391034519341 0.14457670755172805 0.004686524855793395 2.6000363054551343
5.739224238502994 0.03673559414524772 0.0036617957081562197 2.0170901667472396
48.58715942890273 0.10676367587632452 0.00441471914406538 1.308030890576029
730.629347246724 0.4616727596099783 0.017154765289662005 5.8399271206423276
31.19943799456662 0.07680582914003961 0.01131859125969761 0.1798551917601371
25.18257230076145 0.12046721909820887 0.0028622267820422507 5.89078241141171
57.08832687716878 0.1846335923084219 0.00549791362275316 4.872205643807137
292.6331063964706 0.4354882842709498 0.004234873893494997 4.133697382057363
573.8738886541427 0.4181109389732132 0.0033548711669620468 2.785633974872981
80.38668115788573 0.09520492837646105 0.0024994159085263224 4.888478796435206
780.5608513435507 0.3323641957168594 1.3133456350957355 4.421647767645311
41.35340089778444 0.12005410150361975 0.0046240048901833725 3.218378658138251
14.707748318181597 0.09311979266463365 0.0033731179370162343 2.316288661475671
58.53719745387102 0.4111964698624615 0.003411188002868135 0.08013400525693831
78.65588191655743 0.1557985621490835 0.005117466888450266 4.86346011264374
242.14494272240057 0.2725343362755514 0.004248085025730864 4.253121833406678e-14
15.761557970338952 0.051124497375603546 0.00412692603226372 5.0783747410624915
124.81674833971599 0.3033241100429608 0.0045149177237110575 3.0347926446054196
166.3426435688509 0.262454516338211 0.0032237978467814323 4.2196682305051665
51.57663240268556 0.1579832166648043 0.005156759135539115 0.8612286125144295
25.847415486411812 0.09419684941542972 0.0034196789212601582 2.9487932262435312
21.234440568867665 0.05768610758262917 0.002113918256447774 5.778526143868461
360.1305863527492 0.2948554530922472 0.006078259277296171 0.452936948483583
18.402323728874507 0.06653235178700612 0.002734494207298862 0.00018583010667746986
2.808554576686205 0.024618792917257992 0.006276161465392906 5.685684934322978
32.95640630674527 0.12613552759270283 0.005614928876978432 4.586062817032137
9.713614815931885 0.06609695807060721 0.006021177190799321 1.4642069495705536
136.35045895314272 0.13744242786235233 0.0103853353944124 0.41349930946116975
11.546474690016101 0.07332229155730267 0.0037617348101528295 5.942040238036747
43.05681311631276 0.12151709490384248 0.002767248917383291 2.04352337111427
47.2382491569999 0.1257404293097718 0.011900552708748065 6.158321243079884
22.98647108232188 0.07280440269685258 0.006208526437004597 0.21666084040852834
420.7965078456476 0.4037533190057728 0.004539369728581946 2.987336249427647
48.22436240064365 0.0932788520414086 0.0031718418407936967 1.0288178716262301e-05
139.82033649971444 0.16756986989560446 0.0083317573934188 1.4591407222820804e-09
27.988749460324986 0.07690561790099408 0.003644989661654044 6.2294412011759785
19.47127769323536 0.07677799049449797 0.002755267115205942 2.7227562145832245
339.41152767822496 0.28148324463382624 0.012037966422985696 3.584445296273522
59.524745610019075 0.2726364696253382 0.0036915401158957284 2.011721222789483
22.230243417486804 0.08777174134840858 0.004384946007783749 1.1905954046684515
11.169129749053818 0.04707228652336082 0.0031318941330120025 4.663351079489374
27.80515926731746 0.0632782185163354 0.009284791071356388 2.111141647264671
17.75827741581147 0.06540772722305804 0.011091782377596044 1.6272300127568702
711.5470108554848 0.40677413619188263 0.00231408729224321 0.7223432187646222
80.9980111334771 0.14618019069455546 0.0030401609932071186 5.647161655852274
327.08645789506863 0.2959455917135689 0.005060179222881628 3.9070084996907464
100.72711156379177 0.1699674001393854 0.011819679621866346 0.2972192850619224
102.41674168808427 0.22954835588329667 0.0029921349787589997 6.07768200892304
23.885604156907398 0.08159540105924094 0.005696200120106337 4.667616994370436
299.707835598115 0.22748424987650057 0.006578853236798485 3.0853467767859337
289.1439333551408 0.4888865001881045 0.002218475813271281 4.055906971700419
102.02142551773429 0.25073034945486217 0.032333536966689336 4.133683455303679e-12
76.29271234069031 0.14071805390570016 0.00483526636792117 0.9150871553386375
17.06236951823939 0.08192284994414202 0.002107185619226428 3.8955972767895255
62.29655499024607 0.1788177919865853 0.005164765122251744 4.518024024055769
18.452239595791823 0.06800919340997526 0.0032728296070288843 1.2830790732652033
286.7203636219413 0.4607803508963245 0.006441114117739022 6.141767424765255
149.60412681678167 0.34563782718308245 0.002540303026788054 3.379911656147094
295.1050211154734 0.3298715891962591 0.014165980875425333 5.40135794730815
202.2301606759427 0.24013972767396316 0.007099099561469286 1.7036434887732788
9.09436932066512 0.04722439249482415 0.003136215334073794 1.3571798489917344
6.475281697014438 0.038513618968618775 0.016133238335382504 3.016180767464558
16.84850149022672 0.057425259416888495 0.008065992622290423 4.6804939482049175
207.9928880513527 0.2992838058675829 0.0024464348262718885 5.639972670720559
77.12572161063616 0.1411119875060643 0.0021070527446870493 4.1873104552970354e-13
25.805547370628258 0.10217149124256845 0.0076972240431086095 4.116726500395476
192.35655304097187 0.30915189802069465 0.0045646745221438745 1.8945528275120872e-05
40.17739995651732 0.14294219913635958 0.005998292075290871 1.1239583212600004
80.50731775247644 0.19769603007328004 0.0028581223604501474 1.814416501668836
166.70292382310683 0.20938624755929686 0.006647492550251888 4.308015659229027
49.60424870034878 0.2086494055265168 0.005200342418932624 0.6671380066492886
146.20592338214217 0.2592956796808033 0.007121581410790418 4.473482644207558
7.0862179988172995 0.06499781822994258 0.0023942361567438992 1.340104474469254e-14
556.8162179405889 0.4540513631903951 0.008525196810546209 4.987384980494914
131.04143859637614 0.38535075888112197 0.002297030320117376 2.118932556431317
4.695393913512019 0.026700026270041425 0.005359523938040567 3.839767299260253
210.788075681732 0.2155663359515258 0.004829130726913945 6.167324512738242e-06
10.65207439156324 0.036971625436851174 0.014704780067694444 6.275382276234938
18.726169527277193 0.06822296078574298 0.003217907364879015 4.606314478798371
289.8381675166381 0.4515747622630151 0.002801546912657311 2.963971310528866
28.05926047478364 0.12825965436716577 0.005867496218255669 4.254797121740251
191.30330447069457 0.43629014400175503 0.005301536623455038 4.8671454072276905
4.213196113313192 0.05628004140308905 0.003477691382675584 6.170593828122092
10.23863932372031 0.052621121623706704 0.00876976873815527 0.06545055960294158
257.1301198368819 0.25463536277880594 0.005032915394695888 2.7282171081312766e-05
166.3469267393456 0.22673652227827773 0.0026232026517839773 4.026892992658797
347.3197471182646 0.3075502821125342 0.006575354208691215 4.7293575521892866
8.116007830141287 0.07395162529268563 0.006182491264571073 2.5126616774056947
125.19515128062007 0.16201031898290746 0.002979840381075651 4.521828393473051
259.51799634659784 0.3262282821793899 0.004021432264979048 1.9552264843038744e-05
70.3209533864226 0.175243637337716 0.0044910386763276034 6.177759333093611
6.919195930897225 0.04016196024756661 0.0027499498680237777 2.387518772079559
166.36396531379106 0.26409247013347104 0.016412673483180686 1.6398822238584526e-06
44.977596202723326 0.09328719967751178 0.01679798690842551 3.069344638641127
109.55468403654893 0.17234382848322508 0.0030520004640618614 3.1170260624638133
301.16780168701337 0.37683516697148106 0.0026334567945437677 4.867087741484574
14.160360931122943 0.09241690390956636 0.004588403416069133 0.00645675135307029
126.18330881671861 0.3375995201357582 0.004623428590005504 5.920109392568216
274.7920360749833 0.33974675975571206 0.004888559027415019 3.2508569281911375
22.958106967496693 0.10953570448586641 0.0024342625468320336 0.787661824292885
197.35192607306718 0.33999509666823713 0.006987300781495817 1.685129278148108
20.71399121967207 0.06251699063112373 0.015445915819901387 1.0707194057427882e-10
146.69910317915222 0.17811465291234696 0.008506448413176491 4.922649003168479
223.73792986855977 0.22072618418690873 0.003199625398415834 3.6297625871302683
21.63478622416537 0.1201126873007243 0.003156970456411605 0.2103284241030316
148.81880255173098 0.23721643210249205 0.015588080758150812 2.6989423827459067
107.26232886882764 0.20010220648421514 0.008282954295207152 2.8947756693802122
82.63998382533033 0.1329354675410708 0.0036874869716988007 3.9023158274331333
284.8185025482505 0.19057598996425199 0.0017800336820971224 5.205864518418197
55.13345813483952 0.20942907636412833 0.004826596730564129 0.9551091206274808
13.991696641921774 0.06458690276077371 0.005206230949590612 5.393368261158621
326.54787803780584 0.4349653922306947 0.0029967454135467046 3.087479965119788
11.427105931436646 0.08413017492334095 0.004650660883065832 4.3466637360624905
44.16532280709946 0.20695911585805268 0.0022771967694390207 2.941251860503816
349.7739459571824 0.3445013592493719 0.01212410534371368 3.9632656624541016
285.75081174582203 0.20777807404501525 0.012422414078475585 4.200355203394862
7.652163328069552 0.0476486650215866 0.0021078884232814316 1.1064968500310373
76.37758646019887 0.13627038711783301 0.004210954818693609 1.838096860779349e-05
79.28842096750604 0.1004409601878321 0.003138128882238108 1.5197206475404054e-05
17.405886785803773 0.09346407687041819 0.008603717298548618 0.5791917908992472
205.30329923737705 0.4204459610485288 0.003152007768325701 6.262498448686972
7.792005896131895 0.050105495583975146 0.004243613082993955 5.988354186322705
77.27137922277444 0.08446974406420253 0.003838105988638479 4.641545208459407
18.81893355357748 0.07691080628676976 0.0024336767577829745 5.896286849781415
114.31312273087819 0.22866599756268843 0.0033247374285301475 1.2111796115466183e-06
24.074309096210627 0.1946449798266478 0.001968063748331371 0.00020417006851378654
209.47805944934936 0.2958170760049602 0.0037081365971176603 4.015613425426565
9.796061609321267 0.05501577211688401 0.007426901025940873 2.3377182454011374
164.6222408833361 0.2137795123659494 0.011610658754949627 0.7653407583550815
15.366231839141694 0.07968408632183101 0.0032404878944348324 0.8228651983742619
12.771368209752517 0.06892502403254328 0.0029544792236041845 1.640243503728124
34.113661514260215 0.09010145956360205 0.010912916735796346 2.7681997475432973e-11
65.82688381625738 0.1037756224323611 0.030351731761578692 0.6513337688004106
142.87748288930436 0.22574787918175362 0.0026507172218096764 5.142944244141207e-06
9.32264255448505 0.052863279968091564 0.011220919259030026 5.196551789378904
385.1508862735316 0.3220816381049142 0.003706394483752869 4.53282918937914
8.49315728840003 0.04611934197590492 0.007044058796271045 0.010898012430774248
130.91810336636325 0.1266513779988337 0.0021258416676321334 1.8704372165333312
11.146737357970396 0.05580244316641986 0.010046937172746904 1.893021025093778
508.66661832356556 0.3640471555602205 0.009356290084213287 3.2769780461118057
61.92075740469925 0.11960541894307732 0.003953201915930172 3.088879484060392
207.19774796007187 0.25561214042247987 0.002724359204564662 2.3632081465020534
23.45706912472727 0.1067027237112624 0.0023717936643198535 0.36773155787872885
226.6356088758375 0.26114661835801317 0.013769163407624796 2.408801469290853
4.722941861037996 0.03749166534815643 0.00307849130441241 5.627225240976929
152.56503010571723 0.24501425563669219 0.006167270609973961 0.5559947338819651
181.51931305051056 0.28382568820571175 0.0037172886049982967 2.4827383558158984
20.985480986662733 0.12182278698038752 0.0028552375868790354 5.214839802491281
13.78492632852356 0.06731541763627284 0.002152345118785719 6.174150124049089
19.98483032461178 0.06062440005839622 0.004053765078417636 2.7558128131585353e-07
229.14982861948465 0.31665813532381537 0.005629983880411153 2.201213459729419
7.199439210909443 0.08694669364250189 0.0036228741373196165 6.043526174731099
16.253539482484342 0.03550011361397196 0.022635121284457115 0.18108210530853144
29.72191303349956 0.14612130642708376 0.003760550611093625 4.8031810435533275
14.989118815712173 0.07890023606469236 0.007604109537936493 3.0305978202019586
103.00577189760875 0.16957107091156196 0.03386395671460406 1.3355238980884858
33.93677044575678 0.09131628902651569 0.002390350134924555 3.0458214438742743
119.56148693659075 0.22286774818217536 0.004968715211231607 3.1988750047660424
40.56672696159193 0.12524561420271155 0.0036403065114129474 2.6176358877207737
99.46004128709481 0.17262261541592622 0.021328651038177965 5.984630233430693
18.441070561618893 0.0657738426669244 0.018446610596398027 4.4326851652083885
222.3697114292301 0.1814032081255484 0.006581715873690452 4.163251099013011
7.251563785181772 0.05280553452936596 0.002152333066659033 4.006012294018368
66.04250925238614 0.14536106619678496 0.010030622965900219 6.184757447457114
120.52096346707395 0.22108705473324125 0.0047998875709077005 1.9693524465795231
69.44483701068405 0.13714092217865215 0.004833016749500833 3.7039602430936367
23.596404228190316 0.035922040052892346 0.009513835626628086 0.48883389200795857
7.838189365114645 0.04177550980617672 0.013388927879694597 3.1093261133959746
313.76621392563845 0.4563803243212059 0.004921522411820579 1.9924881101104361
6.703091071332232 0.08339135700011678 0.01724626769498361 1.42069871274394
11.802465136131127 0.07658387843497474 0.0018669601177970336 4.675425845931238
13.559948895308155 0.07631897849108683 0.009528837369551195 5.88191884984057
205.0688509300807 0.18944286349523082 0.0028143605758780715 0.9054470680113733
48.073851281957786 0.18750289760052835 0.0031893534384344977 6.250208222955961
143.1352352441183 0.25431896042564583 0.0029381684569317096 5.700082400623685
184.28465340449927 0.25771872817433183 0.015886225681663625 1.1466028778106158e-12
11.612275458920957 0.05928192228596594 0.0033498203562491793 5.4255404703265535
17.00536065941977 0.09233830228328253 0.010930431820293702 2.783452206537361
57.40051522489766 0.14182667778379382 0.002849395634166517 1.9936966517079007e-05
185.54810841012912 0.3421313805145058 0.0028885203669499777 2.362491826329599
737.8215958464652 0.556071471977383 0.006577181002981667 1.54747986476361
641.3382930963675 0.41191532713684537 0.00399980729211912 3.887723503498174
32.19103721743506 0.10962351053798981 0.013898936694728808 3.001370677835606
19.780175402805146 0.07392788478646455 0.008149378958413602 3.296460990288984
9.383598167178272 0.051630494730952034 0.006664308032020887 2.6060533372764696
269.5919612785327 0.47353741784917963 0.00391859856066811 5.698154737901014
56.69103546376752 0.16555681296982036 0.003344449180494022 1.0777622492716206e-05
21.687874445452255 0.17037946619507024 0.0024518928078130224 6.282406974006143
23.88107284225282 0.0786449580400536 0.0032131964431212495 1.8322249959145969
9.236862761141872 0.0668955017998918 0.018641400529862347 1.967462952226755
33.20566710459564 0.1650605329291874 0.0023051292823211464 2.7210551343792053
43.57386283127711 0.13132966218009134 0.006130344545186109 5.742301751708603
29.18119793697146 0.07996934263014725 0.002189316288173081 1.4216537442895478
130.6653493125594 0.23814643671015281 0.006352945407388558 5.098140925855974
135.53281048676158 0.18387433189494146 0.01006525853591326 3.3832390667877017
530.4446449664359 0.3430916605690809 0.005145195125116975 3.094098909027386
93.23844108842319 0.21446505763634785 0.0029961960315236817 2.772204834760229
9.813517971706316 0.0510825916061683 0.010889931329050839 0.27761533420671786
11.914559925691933 0.10491232557781528 0.007257576657353854 1.1850001716685203e-05
10.332908790280607 0.07427129528257025 0.003624279445443181 4.17884947201838
49.98635980696912 0.14423650864332802 0.003306212642886796 2.0780839911689224
17.309306263521336 0.06361623297327867 0.01028875955029376 1.6171675427146623
307.8581450548086 0.4104171762771962 0.006285283099945932 5.998291881958022
28.41826382551795 0.08325054605517487 0.008264307927429547 1.6782177926908673e-10
36.92834923691534 0.190472385230463 0.0042734153855621 3.498288323817351
3.765484876292255 0.024532764195914006 0.003331091875615595 0.003824616335124174
96.83190853112319 0.16674948829283073 0.0036272432877452222 4.869643471290258
617.3064537794294 0.4700637101132433 0.00239563429873312 4.111472650161547
30.349108012260366 0.0979731876833127 0.004018783910837463 6.6014233086466e-12
99.80389969136905 0.18409260364914795 0.003806532252852427 3.984623685935956
47.52935218250427 0.1776347751860525 0.0028321367199204547 5.645114269600675
110.4170279258836 0.24492803916940686 0.005686224408011615 4.660351202522508
15.345283898693705 0.09263924067843232 0.003004622287312535 2.7685449378340508
125.16869355842644 0.23939280993177625 0.004046524811158661 3.037229931104815
8.134521535356646 0.049822646151591723 0.008428569990717701 0.3582290794299484
148.28800451326057 0.28535295198663285 0.002472037301447101 3.4783459949815483
230.88857669095287 0.244037852319766 0.006985715472993128 2.723224868558196
356.8051788119268 0.3359994009766801 0.009234857978508338 5.593835166097021
18.531815458049607 0.08469469056395176 0.005456743698311385 1.0885329811610824
280.664037400058 0.5020109010876949 0.005854425763051696 5.905313527483884
267.51478967614895 0.16695800000943925 0.004516545057767824 5.525044002635205
162.07892410244418 0.2332994089871296 0.006880767896369549 4.422573459025947
126.23558605398536 0.29652307410918677 0.003995101466496449 3.551834337111729
56.823026010981636 0.1401912934833977 0.007852569963431076 3.872664328002852
68.74052569782957 0.15027374083883838 0.0044028619949211985 4.588852869278419
10.866909183932915 0.07418507202075936 0.011567294052901436 4.128123307840163
72.1197154638152 0.10707644142857457 0.006326920604013068 5.308688546997238
50.41767291467721 0.19391396099609604 0.0036124630576402153 1.8158279492634886
338.7251431568707 0.4443764794478055 0.0057313223394482755 6.2656137653367e-07
15.734091204695295 0.10264189835089477 0.016052705280884153 1.2258896968919901
45.26400812871616 0.1906148353078784 0.004192882727785817 5.748195212402187
30.205226747574912 0.10970207416255573 0.010100913429217533 2.940377051071739
15.020209100700276 0.07614749398233853 0.002499009996178164 1.5861726026186291
45.47394665708212 0.07331764547058947 0.018317842458883026 0.7999031282662796
215.35514300764055 0.4398487301012066 0.007492864608166435 2.441258891546213
8.36520414475106 0.0421120935474442 0.003957002456660698 9.314594658564237e-13
78.82162914834069 0.16676430483385443 0.002664456100952492 2.1014778450322473
36.68738339413832 0.15948356616397044 0.0059510137643152975 0.1853569095528193
4.404497408162438 0.06799800336715688 0.0023859509627084463 2.748345797206755
70.89423547646949 0.11890128101817005 0.0038175276669824326 5.308935454214058
5.20258255538795 0.0563912527621087 0.003141714318691511 1.1486270746008844
12.060977049016794 0.050630526884847274 0.0028635266521441173 5.798737948372407
1029.8152915067737 0.6061472238573828 0.01687807360756904 1.8208774866516473
64.88030773369087 0.10564961952122845 0.007295324469986129 3.813667834109512
73.28277181368927 0.15251136784851008 0.0032807593320650797 4.277591775724147
13.833143609172993 0.058167987350657764 0.007181762245011178 1.643593316138277
9.8019054317933 0.06949124435100464 0.0035315418997044694 4.969066375056861
256.485372356247 0.2700765537206911 0.03224964683216828 0.07447397751433564
52.19822664807923 0.12183233282911368 0.014462012911894043 2.9634909407701746e-05
72.5626496352937 0.1523973987243514 0.004194893442576413 3.9166223290325597
41.98774045893837 0.10675168241940872 0.002961019266747613 3.7979466740751118
164.79341515839812 0.3226384951883679 0.0031452441806090084 0.005476379783441871
9.354415338922587 0.044710435230558364 0.012394858681023477 4.33211222828694
85.43824057096063 0.2640154414086627 0.00274066989497051 6.233020981742714
467.51238909565694 0.5708380900332292 0.002219632660211869 3.5619445826805394
219.11752993027062 0.15791403728964923 0.0018280551998498605 4.649040733250506
216.65116584211847 0.17023644748140704 0.022920843109702112 1.8007873804114658
146.77372964504818 0.16598309630063648 0.008586930057322847 3.486031664911835e-05
30.30143528775495 0.12310105222847252 0.017349071991731913 0.7729740041889052
859.320161658987 0.3513823837645019 0.008406654950364958 6.086074741809591
130.14950512411102 0.14474241795050563 0.026466109824625828 1.354681710977958e-07
79.09058906836687 0.12195182183686172 0.0031418676984725303 6.0293642134202035
21.662287744729355 0.08355825210976585 0.00831461755052481 3.6009983983331527e-12
100.46776667076777 0.20714535108601856 0.003540932587477336 2.6860501934123726
16.421582760105732 0.055092862975475894 0.008212485436144215 3.5799132219935412
74.91938754404175 0.17736326626829182 0.002631716627461459 3.7029001322422435
18.939972601615782 0.09436696788964448 0.011920347116996702 6.233158034774749
16.028270617288943 0.07536385471722651 0.005781871978578041 2.357917422866687
311.2856647129416 0.48459111807306104 0.0021503029798702923 4.6123995376742076e-15
270.36173041713664 0.22492272323068177 0.004328342589220415 3.4605869681941326
49.9725844239262 0.1426470523357188 0.008773497141251859 6.053198429802268
11.024088095875777 0.0786612028188074 0.0022653975369850685 5.663012586128255
164.28381040627062 0.3557199746193443 0.0028242147042281097 1.2857597324977572
24.898747749178074 0.08164644219345797 0.004546047846981187 4.99148045781292
80.46579238105679 0.1149359947534745 0.0024076229900682118 4.757675100865269
41.20833390801524 0.14104081299504254 0.006969117561692805 4.771533320410253
504.10651772566854 0.3265145322521901 0.008528080264070852 3.3187385438788612
6.803359567470848 0.04064392135263233 0.004966514713138783 5.462143551969034
327.445226825991 0.4599490296818133 0.003692582894295689 1.2973898925112595
15.157989780398344 0.08191810303633601 0.002552826266874362 0.7685255824569439
107.78757901984577 0.20188731099346766 0.008488299232281614 3.7795847333397763
277.2591530853965 0.3119925961289895 0.002033811639865235 2.983907073911943
51.009348162334334 0.11292006593648758 0.004370743508176845 1.0115241892195885
16.199787943426543 0.07554898110019198 0.002447539366581241 0.07618188007265769
7.359474528626782 0.028795411694808228 0.01430393151264208 5.550415838664122e-11
4.903641167738647 0.05093192480172684 0.009370359061056807 5.675824244926311
8.327373369712001 0.027727904613142777 0.003045651158705916 5.332430670295001
77.91930284513285 0.1553467886371102 0.005514929301617953 5.551935477766205
422.55506439086207 0.34150076754541836 0.0022432900691901204 4.01572467368385
66.6858947673761 0.33344616960128387 0.002836432199340179 4.036610712116325
178.27570276548516 0.19777160657284484 0.007211129494955693 1.7775057867837574
12.771963908684787 0.06029327684522932 0.0046475108648320095 5.822580709362592
158.68175251864469 0.18866574692390956 0.00727161296906615 6.196914767962397
99.18989708956352 0.15632997789580733 0.008792393801909307 1.5838414860503252
106.00606279144283 0.15045785117657706 0.004313120598694806 5.178403623157027
436.15345779346603 0.34578799726203885 0.008183434302297347 5.095353221897596
48.78581054391094 0.129225046350688 0.0036463868416580316 3.937416196003866
9.161561942193476 0.06260059202865566 0.005986423410958891 3.343732224256009
19.677911009522123 0.046895315647209425 0.0026928929787766107 6.21112891401986
87.10623551691174 0.15249115117215056 0.002809938910724399 5.421666438176399
121.75696749003748 0.16034261925546192 0.01780297043310939 4.613616103163772
12.44659124464764 0.1009442824274824 0.003934820198569774 2.6449437514305774
202.42577869220543 0.285475253631702 0.005826775129601159 1.6341436675816379
124.51724382748918 0.21666744062692028 0.004689451214895036 1.8782151445207613
29.010853168801017 0.10995009980549147 0.01943122549209569 5.638917369637083
78.48871670881394 0.1969586272931045 0.003490183869388243 4.740560718270707
29.152066111465686 0.10538191738397755 0.005717079555812444 2.231341764197297
6.671919886108673 0.05462823370670698 0.0036953949154143293 4.7009020937903125
14.604362734122876 0.07014241548973826 0.00603073732865697 4.802754013184262
93.66679207668811 0.3050019084970765 0.005698840115411889 3.1262689776557124
33.27536160168198 0.10672841273649548 0.004160403199151708 4.17911465552206
9.177400240931966 0.05485293572075884 0.003836779675061256 1.4892409544589489
31.929980513084537 0.12348821517060939 0.0039753584094384484 1.8483097866968332
20.006353859302127 0.08259857675034027 0.003707824338505839 3.52042655908695
14.266483577591647 0.0615332662838601 0.002566733189389593 6.181831236631295
53.15803314504495 0.21770499473350716 0.0030258788796434784 2.056198645241311
38.148645392140494 0.12183677561651653 0.010630582066834109 4.437596984158256
23.89224868126476 0.13295699129456462 0.008831223466349455 0.18962046248468561
558.0067843053718 0.5256592218537598 0.019313623999853063 4.889520517445767
32.62198341896626 0.13149747696891012 0.005520912818982308 2.130096898487659
131.32337178066928 0.17150682258513933 0.005429261398459028 3.6120001070913275
153.44787496013737 0.1661265676276296 0.016615657580186512 1.5701300674166258e-06
485.4671021455015 0.4403067030527211 0.014174596949664598 6.026051223394694
160.98144872304954 0.21767876017828655 0.005033933394280841 5.527458776894139
151.61970470117924 0.49897626418754265 0.0028584000428751918 3.026444538082592
412.93442545872153 0.29745381426706097 0.00434724530669709 1.5302829453068671
79.40926091813557 0.19663621282246857 0.004487784741329989 0.029157883919763584
21.568927111110874 0.10524513670993692 0.008186555645314939 0.986941069451272
121.90343123962704 0.18258429748400284 0.004331846167976473 5.885035160814497
17.14569603009087 0.109243253586776 0.0028054293989561354 2.3590169606585394
667.2431746068313 0.30930845617425096 0.01097714588668778 3.1126962530918645
5.372172009813851 0.05746167866010494 0.00446325816161541 0.9739566337923424
10.431226280390709 0.07626876080109836 0.006219817774706912 5.9504293880522265
662.2653428303543 0.3091142432173393 0.002659265219478771 5.213453116568302
11.62839713010266 0.0572122362616741 0.005694004055192726 8.104480705050847e-06
270.289734238528 0.4046842263266194 0.0026992227067950732 3.0926787530764814
17.90865586906364 0.059097298843077295 0.02263031864760124 1.1580404781425198
18.1963409458278 0.0457432628379784 0.006577327731334515 0.6844692311475492
53.006767810698996 0.3748620958392403 0.007882590055028157 0.08030984815290286
256.792349757191 0.17906117016734913 0.013404408547404474 4.568110078704516
36.69612222729167 0.06864765712824283 0.009876784312000177 4.723212245286538
434.5475224554878 0.4802086535169305 0.0025741146150030808 0.15208215575893588
12.108703302816766 0.03669217699099258 0.014570572007465737 0.7382542344934508
76.45949792587568 0.22609677194306527 0.0032479271597897937 3.202384445269082
139.79683836609132 0.19742517388146488 0.016940953397048077 0.15191136871351849
163.01218366046305 0.13882444157726812 0.016102783998299907 0.003718839128697833
309.07604646437835 0.5185527437567679 0.006319910704599625 5.872737088754635
119.41683369868217 0.3141447823882388 0.002546303166273388 2.02625076457799
251.78220668052637 0.5136138605339947 0.007923871268774559 4.3567090525873535
522.5135938090633 0.35842339276356106 0.0032589809949790166 1.2703593277408476
34.50997477889747 0.09921795584692976 0.004143672855588559 0.0003865672109460579
19.66382784602186 0.10744800454269443 0.0018891513406078368 2.600867434076288e-12
92.48783019124427 0.15587054238963624 0.0035545938103589496 1.0607659871259553e-05
8.469231391319957 0.07136162922511824 0.0030079395242596113 2.2414047350063657
32.0781605945908 0.1559491805414702 0.002427807125240042 1.1299936075024197
261.67116025316534 0.28362089644559213 0.0036965722903857592 4.91103032176959
60.024159473571096 0.1427783877413382 0.016887508847344506 1.595134470352842
17.395377073592233 0.10594560879945464 0.004314468517301594 0.15978794889889075
342.8239962992757 0.2769443073299136 0.008550252770559336 4.0723915085846585
366.04632498161436 0.38112674927005236 0.008597680106965 2.9406339507081745
37.75461303913246 0.07640753000860817 0.007948305594489368 0.020779192338809194
11.640337968125603 0.0638255038784734 0.002651448398840641 0.0013432459147101642
10.76186848198143 0.0377661846556972 0.012983823921619229 0.25439589324511164
12.075887274113779 0.07219312514419274 0.0168551911253121 3.638158266464488e-08
29.35157515244905 0.1253631150062329 0.007648929868717917 3.5463137184180176
