chi2 A omega phi0 
20.489844364942293 0.07505825183085592 0.008573952738241002 2.4078864583867614
6.575831969368025 0.04696849856819148 0.0052537451798698506 2.5637868849801833
61.26377598734895 0.16692222866626574 0.00986135507473422 3.9260823006085412
461.5738440384924 0.32784028499497936 0.0035939783176315047 2.381491341590005
17.845498705115034 0.08447461568033801 0.007050714640277859 4.483983305163584
3.2832497991607266 0.03864222733491802 0.0029923644851483685 2.0554035234427577
77.9355594650646 0.2510034109475693 0.004624603659318089 3.2652088690378553
387.13648452384405 0.21484229024454154 0.0020906378776877183 4.0908665887758895
21.888936646219516 0.059609027795604785 0.0032460651312230114 0.19329788510082782
446.63852568074424 0.3870970480807784 0.014672280878349426 0.1749621670539341
379.31190505609436 0.35242501290285017 0.0027920816833243945 2.0823763041913668
74.54123166908161 0.11204545094540996 0.005308101750302943 0.5592156642853605
119.67470716234281 0.3428110575273501 0.003919791629686779 2.131673649608805
81.18920322914012 0.3015657762460096 0.0031595143111712944 5.110704890471606
497.110194943234 0.32846403571506005 0.0045980638698423 4.532685061564402
85.73640679224799 0.15946375369888427 0.00727322559452919 5.704252765621306
13.150298237474127 0.08074159935499965 0.0038814383485608834 3.0421025273710143
183.7989437844091 0.2104139404365612 0.007047405259916477 4.285499003292433
6.095987290089448 0.04529007820167137 0.014435683343332435 2.02312656187316
10.483821198836168 0.04882083781731566 0.00781657976151383 2.7912962775090837
388.8863034962576 0.3928184583533568 0.012046857502097464 3.2138942131165957
167.65310443873824 0.47803520914516795 0.00493569280235187 5.801785263284179
4.677558051941512 0.063813426514283 0.0034927624386590023 1.8816342071587273
29.904222235404784 0.06592635200189127 0.003733319057565947 0.7165454546342378
70.73907961512074 0.1460209754070126 0.003239807760778171 3.510227635952545
106.8609848439206 0.27962766960121344 0.003048707676802086 2.8451410659164726
19.42376876888696 0.054677890694176425 0.011842323926425941 2.2988369830785627
75.0012924483441 0.09031385577670573 0.0033071100385539958 1.144715301953544
143.17123105072716 0.2281490128062013 0.020376911948265422 1.9621450153639992
68.89030333620246 0.11371053797114873 0.006581962749822658 3.350392898563812
769.9942515911115 0.47206583459866314 0.0037282300859115213 0.5075255553187087
43.1739285455383 0.10666997040511553 0.0032827804257104507 1.2150526242691477
16.973704659198145 0.05556433449184399 0.00483594692456388 5.771120358873199
18.102322148748257 0.09071112452664683 0.0031022546441089043 2.7935679749991387
243.8255540553519 0.29163775736820663 0.006809932195945305 5.08490509028612
245.25363668240735 0.47048081694147637 0.005583474547971721 0.8939109755044444
1073.1847053917181 0.3549204527415303 0.01654049808263649 3.1286572131119135e-13
31.5647535373886 0.14889527796741517 0.0075721976659222584 1.9676446325182424
95.06505347131413 0.07417799713550499 0.016931647920264532 2.393406213884845
147.20892590708098 0.1427193804330358 0.01778765853092627 4.278071583389632
117.7917266960711 0.15696918811129257 0.002277218723100296 1.4912931850389521
93.60390147154665 0.13045317559973085 0.035709242190668296 2.989720734662497
32.51420900814336 0.1033507395296044 0.010833611789902699 0.20272670865645467
155.28262568452868 0.42248374046097864 0.004098527966428401 0.6477709012272561
143.527791446252 0.23010820077915312 0.00469644250200907 3.2736658637198994
83.937491719659 0.16437803483411334 0.0022464935663310784 0.31454145669705774
54.50091582291676 0.10572479589000054 0.006815055585203204 4.026976795969329
258.8180933876798 0.30352532786652614 0.003411391413113581 1.1013464623841063
60.92628110005491 0.12847115286156985 0.004745088720613088 0.13241022389603682
7.220735548572306 0.06589424623850693 0.007468882518279654 3.8354211582281716
95.351424482296 0.19896828307337017 0.0028667808607986413 4.373543592091543
14.306107127889833 0.07920984892216289 0.007246822652784961 0.134792289530783
7.5854234635942985 0.052961734398621396 0.01602824119191918 5.149659428132944
290.34061053309654 0.4804375068844113 0.003231751257268562 5.428446769692358
69.84501667278495 0.09469908005717506 0.0036698064248399127 0.34095328048475665
28.376294554852393 0.10312079660458372 0.00919084264720008 1.2226498988099939
78.60840844356774 0.1161638642073404 0.0017942682678938283 1.3348767934149104
89.41520465348232 0.1158698333251278 0.009727617688535275 2.4551602774006778
4.498631956049981 0.045283649752510216 0.010641618810931616 2.3631261170183566
27.70828419174548 0.08769387743100014 0.016837683211075247 2.8037931607381656
194.38376881642344 0.21260546535559208 0.0059575453151924805 7.861940565970393e-10
421.8899397097863 0.5209313550407556 0.008449254066730215 2.555782107907956
75.84226698444125 0.14835287445213693 0.003167138635467913 2.4269403594184333
163.2913581659809 0.1964655169613555 0.008186580701230241 0.6849156597847582
47.2393405694159 0.10029115015437147 0.003528158971887706 2.5196844545200627
35.55095249060296 0.05818366714245954 0.005654446562909262 2.4840847730239837
28.727975045193464 0.19555438900076727 0.0032369703283307775 0.7910072817909753
18.346107553798515 0.0845854685920229 0.003992071724640425 5.841916340898624
355.9645212961945 0.2980124313951265 0.020383275099724495 4.2279121125182595
34.18366923539089 0.18186209715696464 0.004041988679040137 4.2694432527518185
54.0673818557082 0.15630121281738862 0.00336505238980107 3.079790832194867
8.826092448634325 0.037911438839405134 0.009953934288135033 4.253515727784233
5.337820764923104 0.03137724260838874 0.003941655767904957 1.724487939787763
84.98973455504067 0.1998868135982385 0.005757679542132285 2.831449484181444
208.35366656407686 0.34762273735474103 0.0019958315595734566 3.2406231922966433
45.80880753325721 0.19557544890163947 0.003658856251409821 0.5449637760704187
195.56268763702323 0.7292481476683558 0.005671716425051551 3.2895033546987436
22.93982742887547 0.059769249485511655 0.0037299347878274347 1.5325207164471103e-09
107.56503187494444 0.25356395898557693 0.0029949240357430105 0.9167548015107472
702.2906772483644 0.34003587774325744 0.0056785078001023994 2.4142444770017644
261.21966814575734 0.24471548880945834 0.0102142400742345 2.3838114749072625
17.87729579169544 0.07981992941169079 0.005691834892935593 4.687791913357485
27.468830421689525 0.08470234087392033 0.016367765842736574 2.252693370166149
18.69232895082717 0.069289696269254 0.009774132140371846 3.1417173552852105
13.032430713095293 0.12262155284047413 0.007001395581400029 0.2485077844351284
198.81388628133604 0.22741425363653664 0.0033082348000975535 1.710095963860867e-12
241.90707394851003 0.16996691839094025 0.026711731790798502 1.7915595678631797
343.0034230743329 0.2578078064846921 0.003464821760223723 2.4754406407688903
18.136355177303265 0.057219620126536655 0.008709068030714426 1.4523816079766195e-10
94.11513884213274 0.1743927288806136 0.0121108984503937 7.513151486862956e-11
36.90570536287958 0.16097679602671053 0.01149323762775787 4.700245650573397
9.373825950593593 0.039793261017354746 0.009675151976605187 3.2844141110462073
9.865885412028536 0.03492627575030536 0.016948771503039705 1.9141698670517604
87.77966688126219 0.15199190469411178 0.014361043098405432 3.1717565590598578
101.19139130500889 0.09248526767060325 0.028963736280868017 1.9369697008529463
74.3082500042805 0.09710435613862836 0.002305602093531335 1.338180015776505e-13
56.91960222530268 0.15177342468820332 0.0019961333109629973 2.9938661628570222
518.1455218958629 0.41173509799734637 0.01039626785140724 3.3511976758074313
80.06474873537807 0.23793241871435913 0.0039056844749199024 0.051454458923069775
24.7788375157404 0.07104119597521993 0.016496744104467886 4.837209227146945
169.63405764592298 0.19195919716543725 0.01749406710136141 1.5544448713221555
273.60391190772305 0.315489793760466 0.014766829592397479 2.0033924844977227
15.604177292368615 0.044289429965096466 0.00914517354034243 6.888570223375737e-11
50.652257916298666 0.16290802725052855 0.006143048604563305 0.7463552437589009
142.54915495595176 0.21547388753192806 0.012776634030326204 2.2091150912257635
20.888070211622868 0.07488015024374707 0.01660533414228259 5.87835384786589
48.72783332911851 0.13751827232510655 0.0045176006387821445 3.0067051671790095
5.6558676004741235 0.04388187493334222 0.005550437817435063 3.8723675762741365
48.85942874843889 0.10170744729014647 0.014204265941881976 0.9158961919107319
459.1368952696246 0.19362337338756247 0.014626233057471252 4.094616614268343
7.058285721364818 0.040816232925859876 0.01978187453774125 2.627959375673618
61.69062873632631 0.1306020172809121 0.0022594566182890237 5.929128325470769
90.29328408496306 0.15721207057696635 0.013673799734151398 2.30688528854191
15.286453619686057 0.04592591187031551 0.0021379892743478334 2.224516823431623
44.50681836614623 0.11787437195767933 0.011719041502052304 5.66353934495424
79.37189917719657 0.1918131755888813 0.002616693417755072 2.1748222871841794
11.453081682024907 0.04407094042705708 0.003893589732894433 2.343538038389824
464.4507085412605 0.2718791733471978 0.0044389107004431895 1.5298987722271007
320.2328828214039 0.2349442716211904 0.018898001253380578 0.5654602276155856
9.33177323928091 0.04209087855506519 0.009504436195505226 6.24218870704342
286.67067763547516 0.2262972431713404 0.0017658363013705203 2.9021804018237756
81.93721540995912 0.11296317878909684 0.011085947083239721 3.7317843856310207
7.807712679642269 0.03394514771093341 0.0065217740922067285 0.3827324060983259
9.363601270586202 0.0788932097664694 0.003693422038998502 4.786899365637495
273.2280232949635 0.22545104127145177 0.012657564686969323 3.0247471020223076
283.6025652640559 0.3587456597940315 0.0036107419589985856 0.31197375056854043
23.601882712459027 0.08025775138926922 0.006610289023024414 1.9831482918306245
21.011139979155242 0.08801404301666746 0.005117465131275659 2.6834755277566003
5.8695435204108986 0.031195201728075047 0.015508641639900579 2.0888791027883498
36.71453987848292 0.09213985385325876 0.008003340186991668 3.356793946510284
121.12446952300314 0.18941963162512637 0.0023715926577874704 0.7854596155000166
178.8379405049379 0.25719365792868504 0.005347474579988301 0.5213618571987868
197.7176849322101 0.15131477009006777 0.002548411209103299 2.0045862964027004
80.28552766937415 0.14170766356021008 0.009795134223542832 1.1295188562866383
11.450057540499804 0.08251886700149795 0.002241546103618616 5.605431924159075
351.7834952502319 0.2980413459462166 0.0033357475525117117 0.4601677674611665
438.0176788316765 0.31829520345346984 0.002992997510395732 5.207264432657312
58.99890848266566 0.2597820353432664 0.009107329689188313 1.5854765562952817
6.195412158867068 0.026325524638528146 0.0018862674932393052 0.7621361699130054
26.809506878937093 0.07937375459297089 0.003921868121869876 0.043223018140970806
70.04749863643892 0.209041892903924 0.004087717040732807 5.188930975985044
328.72310851360015 0.6793924415336015 0.007828855161302321 4.6332869594034385
16.92908748111486 0.08109021226938991 0.0041110357030692095 0.7187496716212148
65.9229097486435 0.10092295846625683 0.013513355573565073 3.248453404286901e-12
20.210738891236172 0.07210488986800186 0.0029312724212728755 4.667774056923455
52.30857872402708 0.11787414127285602 0.009869425550240438 0.4976846737474776
4.659138430556871 0.028428975165411655 0.01920588236436813 5.253943251348687
45.463218731177655 0.07783874956111296 0.004833356038167483 2.1460058559091624
47.710196613293554 0.12200013985492532 0.005809233300104881 1.5546636389444177
23.14886710646351 0.13662131896250954 0.00543606668192819 0.39995204535210754
19.37550959626078 0.05599111583420744 0.009863212090121157 5.938823047292053
32.22273706824432 0.07798492393733407 0.005922041363560883 2.002593718559151e-08
69.58172358211492 0.10313645684948873 0.016955991462871297 1.7053318669688573
645.3739962970898 0.3500196588102087 0.010954582538552119 4.105714761072419
304.1826533568692 0.18238726373731073 0.010634804604228842 1.920879934634845
8.974807292600909 0.04916134260198972 0.02037219796851455 3.0692347279220873
23.189333248057686 0.10370343882534878 0.011413170122201478 2.099203118042243
30.67264334353862 0.12932446537880354 0.0019653787941413927 1.0730619409201583
18.710826508402278 0.08848032974358311 0.004282329980232475 0.028516090081182
16.252630396423836 0.08659831521974617 0.0027017450877396456 3.696381138242461
15.197065797154048 0.04618712492037558 0.010307365798442191 5.199761684449766
30.396992790461894 0.12537385884251423 0.005705575712076875 5.439270367241878
139.92406419940943 0.1304109428384264 0.03273988365023327 0.02319773823212065
33.21262326776644 0.07959294284660622 0.005469294420467463 5.068729512624416
17.436311116250703 0.11652886004027022 0.002561964566902454 1.047869093154309
64.83570859354064 0.24518322677942378 0.004855039948146103 2.924366119654606
53.49056682694304 0.08054575733557799 0.004284045624251975 5.874983735187667
18.84947737202281 0.09721080065553395 0.004228441473721727 1.594903714004542
108.37371813794888 0.15646682402061485 0.004700020113077066 8.942537186128223e-13
6.256571494393572 0.03995560571522159 0.00550798907951759 0.6183658873559512
4.574197051944003 0.033170847230437 0.0025425178829180765 2.8724571333746307
23.58628966677496 0.08298791183664364 0.005825808161670935 5.274103005621517
23.65360362556075 0.059461532606822826 0.012072098059765366 0.5741470938802683
48.075394603887105 0.07753744724002018 0.009544643660108843 1.205605184873281
159.5745449155543 0.5208861285023588 0.0028493839738509387 4.668087901349942
44.02208745820004 0.0812498463550853 0.0056825367391423525 5.512031340188404
8.97474493373849 0.04673696699303085 0.011813218731840937 1.0628181789385756
23.83595020884682 0.06262761372934353 0.004728017424014115 4.7974875894388616
57.647169595708434 0.10572811941365949 0.01572390664419546 1.9046584394767192
71.32588770693934 0.11638585149792617 0.005669824934830308 5.5424125940016476e-12
82.38906755405621 0.26821479522585495 0.004880884316016584 3.880124422287493
103.1700477825335 0.20456332677039746 0.0070614297472952345 2.975131185340081
83.56851783017885 0.1955998750910401 0.013646608914419668 2.743026690928544
29.572739668071822 0.1381645671216089 0.003133236156122359 9.485418468048738e-14
153.0701214596365 0.17684602342787423 0.005528788918188532 5.875963150306329
11.333924940777791 0.06393616469554658 0.0018187853440466844 3.106003851718401
20.953158523954055 0.07059205756442581 0.005676341029047961 6.002028253842262
330.51994911152633 0.256408295726565 0.011248875466571079 1.6998049413910097
82.17944220376248 0.28144696233135846 0.005189417051575951 4.845206861309298
50.86860094869251 0.12756646423524817 0.0017917881795588707 5.203120713126486
16.68897087071932 0.06126912314189968 0.018488619100148117 1.9222068046360807
653.4696476048595 0.36218182341686744 0.0021028901686383685 2.9022120953847663
343.8696498612027 0.22076746168188202 0.008733936340784754 0.2823731889667488
187.59844649302815 0.12133229083238535 0.007843290816088687 4.086698512837803
531.6034162521646 0.3330156455800547 0.016635651838074212 4.7087664674116665
21.781390090273305 0.05623049066913719 0.0036818631833421453 0.7059467816949815
15.382169633308063 0.11097879285258228 0.0058499655944493105 2.534984086702487
3.467788091071303 0.029815071422814643 0.007933795601674789 2.248993622354877
399.59280004917065 0.3382656998623176 0.009880762912592954 4.4206423446090035
364.2261925541589 0.2212537026678887 0.013764416434512658 4.599087685826486
40.194107720481576 0.11287301802507624 0.0024398368152171034 0.9712848319037405
4.067341606635638 0.028007644606110604 0.010584128998969485 4.3431832070854135
17.361972792704545 0.06695667378837329 0.01476806433392433 4.186603321949436
334.3815706669955 0.3937848552677412 0.018355750695566324 0.35302352891659977
100.15550969272205 0.21502279052501058 0.002287996255755626 0.9238909290906518
7.98366379813756 0.05352452808579248 0.0039662594145941695 1.3486660755090005
15.936705587652998 0.07813486694947142 0.00521348350592058 5.705966948266286
16.06026245568597 0.08318859045518563 0.009286506281123305 1.2913567436393713e-12
253.21337650429518 0.3927146839284644 0.0029957883819856724 4.4930660681158753e-14
293.54427871608004 0.33891852566481 0.01666789958151531 5.604598478850885
49.748809920272286 0.165889972391163 0.004810193809329249 4.405814848427317
19.670403858907093 0.05226641535307697 0.00940865918947349 2.4810630575972406
60.96608386100381 0.15577072152756102 0.014246105457902907 1.0374152880487784
61.689798160984886 0.16248578500104643 0.006999377488716703 3.3962176402029733
45.4184174230498 0.09922780441329013 0.02272911399924228 0.7593767015105034
288.420733459135 0.23151650105081198 0.004435920302537946 5.455896093078438
13.73414723332869 0.04473348908390998 0.007136005120262154 3.7441093605881515e-10
91.69433179334231 0.11738363843004807 0.007426229769025445 4.582237157946054
35.64658576678578 0.10463015612352072 0.009458620095698849 2.497556798269553
11.750872271678935 0.07255629387856537 0.013422941965910758 0.10119287511659886
155.6422483486649 0.3015465306157219 0.0019674523856216685 0.8152202527923158
44.93296142830857 0.11487574468140722 0.0034084200600432023 9.518088283184138e-13
17.470901025349757 0.04412427417470419 0.007591339121251029 1.7135146834357984
30.966593504067593 0.10124228221774045 0.003764806648675007 0.6072216833202129
30.155395329107343 0.1417696136263003 0.0030520576431738947 1.9387315232766953
251.2619501934548 0.306254151919954 0.008317762922002123 1.6269326942560771
39.69515621539135 0.13055348881322373 0.002315591775158981 4.445628447724288
17.95952201427165 0.06740194727673969 0.014620581982126247 6.050685466689456e-14
25.211680721853597 0.09225444113011408 0.002380620249109134 2.2357097001387496
28.100081009342077 0.14964621124272273 0.004915727303536226 3.65788076248775
17.20380590931063 0.06481663373015739 0.008909173527619572 2.499970507972033
5.800038168171234 0.03919002931877025 0.01012829239962072 3.2223039606161716
99.99631793250973 0.1660086909033718 0.0033087573398121006 1.3867425725655307
144.90981223874502 0.2368249634301275 0.011672613458501041 2.0606149967912833e-13
144.95343265709255 0.19211449137510858 0.008628576163082189 0.2715739442561616
31.07113332545926 0.06647057039724051 0.0030788422633525746 5.2193229834379045
429.021024129292 0.4506705268343036 0.0029908900770978693 2.4243275054173015e-10
36.71174693800131 0.08518908620111044 0.00624774722178792 2.4455782870569736
81.9835991153457 0.13758890736393722 0.00539083000061944 0.6257522260826929
110.84914547397838 0.18500358339332115 0.00913253789227029 0.7917648358634296
3.602476115997199 0.03660059181663237 0.004584721228617275 2.7921419057041437
58.274274870596024 0.07330113767574906 0.007326918489517413 2.7531205082732826
163.95588517844647 0.1938111789904652 0.006260259610460133 2.0038272397848624
12.257218336816445 0.042484053452089894 0.004265911792153694 7.570708483559902e-10
129.48361701223624 0.15405559732782365 0.01141644415987407 3.526457564773598
109.48650816914211 0.28228798988767806 0.0018213405208039324 2.59773818552879
29.248692720068565 0.0932735562508213 0.005224226287847957 1.0803597908213054e-11
40.40209979981457 0.09232655335014153 0.004511249997755669 2.3766447800009955
19.17246923687784 0.09664956022781025 0.0037312653805774212 1.517414047807106
66.73398547060049 0.26489671230755124 0.005696081358246549 1.3016942667242073
182.10879778361326 0.4061022559408937 0.00420608140544418 3.3083658907380702e-15
33.83998393950829 0.10057419034337489 0.006157205362192267 3.4966313417592145
34.189396914462144 0.0727040885000704 0.022607857683583744 1.0102756057361946
14.073560994518294 0.10579706378221022 0.019194373642124025 4.498254267620293
366.18812769486436 0.4577776927415262 0.0075124290484214025 1.6698478401201202
124.1062314272279 0.1394744986445359 0.0035099741872391 3.8141138362465044
231.40262998233428 0.2300173172187713 0.007650202424222341 4.362738702827861
27.58413289248839 0.1162426346405526 0.01531893053516723 5.930001587643695
4.266477494699667 0.032705257038657266 0.009777612508323746 2.9230508459942324
112.73571598816864 0.15207243952248595 0.0039056551991075595 4.970745132537753
6.857233881982046 0.06325804689475531 0.010181505733835486 3.877814822425434
12.369465477463013 0.06444675114173258 0.006707157879536364 1.6167130581051152
102.8386583054846 0.24284782282221343 0.005745014392298074 0.5520190716247472
305.1094489940853 0.24347102432807044 0.014486824306172423 3.390754582661319
22.559087717727355 0.056746610634846165 0.01090344537115683 1.3788774679698677
92.05313201866738 0.17166117942375142 0.004815337435804835 4.521613066768048
54.9486573744686 0.28880209193966017 0.005433424709166295 1.4817654180443598
49.31014313199444 0.105238463868903 0.005411367759397209 0.5941023422338709
6.966345153722741 0.033164846867562235 0.00757667464194526 3.706541503450188e-15
40.80759526504273 0.08511834204851657 0.0023824741027552894 1.9771518322660553
12.817545312116541 0.05526696396186695 0.004608444815864901 0.6141657758996166
1056.571566839858 0.38834850964965967 0.004589954693025336 5.661567014351591
546.8701658024527 0.4075245428164782 0.006098757566553558 2.5241080559764857
135.31047416102913 0.2422025538741809 0.006884411602943199 4.497797518886856
95.08695413161854 0.1598447207904858 0.004955990477135934 0.10186064474357137
24.975347066409213 0.09348940975059897 0.004360260471232316 1.642178071357102
96.11248355648947 0.12174863722439254 0.0035212873736195547 5.133605390884228
167.907586523546 0.27185043725970526 0.008945156430068733 2.585315514301326
16.050373063594943 0.11657219565228927 0.009427116684270128 1.7566022205495317
18.40004631964051 0.1732634223006937 0.0057341412797560385 4.874491512405378
35.09747126270152 0.11927224666459493 0.0024789587425945517 2.7829225588908657
10.590896506745782 0.05263312248375432 0.003092785309132871 0.4428759131288116
15.37088544739218 0.07151690719720531 0.006366222874203681 2.2989300934565695
83.96761362433804 0.1172364771187861 0.01799715513922107 1.7891669147386287
145.43911230632784 0.24985149388694572 0.011998216462046385 6.867798706205111e-13
29.233162994532073 0.05285085781539729 0.005982757013209663 2.357169862692006e-09
4.750002793466527 0.053572226574811296 0.0018625122635084392 8.373100077308563e-13
66.44759815639783 0.10902086236840472 0.007014326007694946 0.7727290748502978
87.55726878068839 0.13066532625878446 0.021997282495512905 3.3637945778456566
13.904029085274802 0.07827188442227814 0.012094337822687786 3.148339560610602
26.652600758179034 0.13065422256402823 0.0042799982068953265 1.2184462226247594
5.206598689269508 0.04785697641054239 0.0035246321561899063 0.824310737192398
20.947379258263606 0.1782877250946586 0.01090882729028748 1.758110450454613
3.79395953122126 0.06265955805747483 0.004789709743751526 1.8320408954331406
13.907803589997956 0.04869482340168739 0.006039924749630007 1.3294743850402908
7.511419626790167 0.09412729353201146 0.0036567796454845536 2.830098554247889
14.520956537874609 0.04746177319536136 0.005415192368525027 4.92715182029202
1804.204651954696 0.48944058960638 0.017009311773278097 5.064104838900396
181.6594864560554 0.31352842044950696 0.012284624874005348 4.892699686254423
94.09219576085135 0.15836001057370605 0.007548587731310902 3.4181896506696274
61.388290334372186 0.2675551820929042 0.00461310110118213 4.79704031860333
21.230271545440807 0.044947921503409434 0.010447197856479448 1.9119274527303296
42.99671219937669 0.08278355922114308 0.0018381409185512989 3.051572137412987
102.44791444052218 0.10758157240794052 0.0232181190551188 0.7069947746388093
18.75172884333164 0.09326906595141442 0.0020564754095794536 2.835234495757536
53.61016944153552 0.28169479735252245 0.008307776218754146 1.6427827453149417
18.526808011188347 0.05342988901011681 0.01343389623273405 2.832925261799946
22.91350220196371 0.10426939140772287 0.0041573751381344835 4.579766050406134
6.259934658955483 0.04126894645013382 0.003844347219607917 2.3781202369127237
8.796927207037992 0.04728167432566996 0.0038107842814364577 3.9359852331525356
22.04447962700694 0.11791200374770884 0.005568211899239878 3.986227600361305
5.93114382480477 0.0528913368371368 0.0022769475522490664 3.713798219592338
50.36915261259614 0.07635767862624693 0.010836538882521118 3.047726308203309
30.778272421776983 0.07943075778511662 0.005965347998826908 2.3284804381930875
128.53533232803534 0.19204754831417195 0.010135408153436606 4.4505170855530105
13.575241782863387 0.06641202325531011 0.012002469347932088 4.234564024728268
136.59247525495488 0.12849289908419073 0.006905635552662767 3.930979568726951
28.792883265635012 0.10577281379981472 0.006438346405392622 1.6384428381722063
15.08789408303251 0.15597798035952326 0.0032914916257595784 5.3542507676668345
28.67119632590539 0.10207509284540127 0.005448280748310795 1.0909206949881667
518.4542846514851 0.5555786002304287 0.0018401424377921943 5.035573761046821
9.308425817459455 0.0963435905258278 0.0073445722763705 3.2479218019959575
12.563769006128426 0.05839303719996955 0.014813687837849088 3.1670202138259613
46.00277166619264 0.17961857650917396 0.002533297662328654 1.5773283124599744
46.59484983900196 0.08425790915314979 0.0018688889778777835 4.969858373017972e-13
103.27300364968796 0.15033883914256949 0.0070559585445736615 1.869291874145261
25.331681168030983 0.057337108458888966 0.0018856150860349502 1.0061053015083366e-13
60.453216204988266 0.1581625467616091 0.011004605392897139 1.2704853330949692
10.295950698561963 0.05524851237245631 0.006665267907570165 2.918232703726335
17.76083100773476 0.04818321108663637 0.00947802893056675 2.5908950903180705
243.5407851722569 0.24998938753780778 0.022455662642670036 3.0637164582489023
50.503641563939134 0.16785679769445466 0.0036689865371454153 5.529151418813508
129.87881052747065 0.16650655332317738 0.004260577490001803 1.8264114272956156
18.63817673683518 0.11058474242649786 0.006411936798275637 2.8468502363490487
6.552801120858131 0.058304996769384554 0.007375434322597936 1.8815406818997693
36.32451554333686 0.09078619067718474 0.015799370421363198 3.50689732863814
8.66334110593324 0.05055953800924703 0.00368355927009147 3.9117864494117107
13.510751310687414 0.06137804966746962 0.006782888689286832 0.6232780914738658
191.37260616329485 0.2530618301453077 0.007395236636847006 0.2797962704288658
275.1213574145836 0.2270172311645632 0.00816272214744091 0.2127351183682888
9.184829750911629 0.04299007008794473 0.010427366372579414 2.9360940607333212
426.2058812059299 0.40422924890559586 0.003463644160903577 2.096807681341993
16.286870350271432 0.0823555496944386 0.006952148749294173 1.6159141053321582
90.85975812615169 0.11011197032211481 0.009242012460356643 2.7544999331170947
384.7870120552323 0.4303730644567199 0.005487058993435008 3.285685585977858
112.29473285591193 0.3504448666517358 0.006194837926476846 1.6592590955474353
94.26436351774585 0.2718530534995598 0.002990254811015565 1.4912508214882236
17.866355388469056 0.10344529797014182 0.004743357685433477 0.5106282576491572
16.10373747633337 0.05427476241784783 0.007564259511148578 2.100514576363154e-08
319.4515527698679 0.2547554491089473 0.0026166412926341485 1.590673320797744
22.370189050694542 0.08230872781793938 0.005738689664677868 1.95615957328618
13.48322613406939 0.047693030063678525 0.003054437467570112 3.5052278051328822
265.11720326269705 0.18068124007726966 0.02360822469568046 2.4815156620508714
19.776885088652556 0.06818511612368862 0.0063591944656922585 2.047007593873722e-10
16.29078139932711 0.03713927863525774 0.017696114870888884 1.5608688300911508
11.853731897282126 0.11678310480423817 0.003868387503158559 3.5372315807419135
28.2333254032121 0.08871581744441538 0.006920331596939586 1.1431396806885974
108.1734685820353 0.22067481882142853 0.005301187768037536 5.828367911157207e-11
47.489101092709184 0.16496945394984958 0.008830058190476416 4.979553238259791
108.06123450505147 0.1754560244168744 0.005638681430492792 5.900774745458398
6.011620531988341 0.03620071623641712 0.0033496534522761763 3.6285110132994474e-10
34.912966177286364 0.09652986433839182 0.00359875025016851 2.8673675083048598
158.6106149838836 0.34399924322166436 0.007373818486328991 0.3860985266858773
21.62077040146681 0.05058191276337774 0.009303679485320899 2.6588429090156978
125.62670189186048 0.1673202191071948 0.011713845638261527 2.051936212924435
8.829496622494334 0.02668462306570174 0.022766679356378626 2.9442069746039747
308.0136243553321 0.3926187500029036 0.00217354546961697 3.3689675859350507
14.51968627633793 0.07789880415309985 0.004758623852125886 3.308484676536656
22.550844979255483 0.07125332758807655 0.004106643911537597 1.8959289971594426
10.803143639826052 0.044152153144622945 0.008555927987021306 2.9089249161068937
27.927735527320337 0.07334902161680044 0.00419270490032231 3.4693406377058986
7.108244559429238 0.03435844673667901 0.014201492589436465 2.300367416896472
75.83209979172753 0.20544851273527043 0.009890778401827286 2.26535760950646
19.893803243365852 0.1772831423146526 0.004851375665765652 0.05987327348066023
473.86087011386155 0.2799724704138766 0.011284408221706456 0.27095815518875477
509.2375300336589 0.3639848829728186 0.0053732554049830145 2.5092806847727345
699.5198880556518 0.4336404654761014 0.003364960777822663 3.0133174378294085
253.03480140513565 0.3466835040753743 0.0032320779066647835 2.4435567606296047
164.54865683121605 0.15317462570996296 0.006616919846450511 2.9177619358350397
47.0621418838049 0.1992275714289951 0.00271125588383459 2.494806204446663
156.62859650399852 0.20951709016741663 0.0170022695145804 4.279400105420505
97.28154717139536 0.11719398251888624 0.0108530091428199 3.0173157179338728
23.515108822209747 0.06418781329724839 0.0022213389990406326 5.941313649536105
125.98743810826862 0.3623472844791499 0.0024381833260600154 0.8749671144367587
133.13869239504078 0.3126057471724372 0.003548683056951393 3.671665867086808
91.29698838414951 0.20299034172694044 0.009361172491540939 5.986840030532129
321.6884168156927 0.2537339440255168 0.0036211671797392944 5.833287975087456
22.47850577307257 0.07892719890459199 0.007272827032041007 0.8307043187690664
18.21975973238436 0.06852338530152688 0.021214471222741112 1.9020840378401989
10.433872609145261 0.05007564194848151 0.0021398547917642202 3.278716588894687
302.32543128298516 0.25611762408370287 0.007087335999401508 2.097598664907863e-13
216.63048982852962 0.28611422530519215 0.0021674586426822825 4.895344196618673
70.52930429085434 0.20270393197267275 0.009408808358758175 5.822371036753509
7.566408814706003 0.158448627614767 0.0067170835385909336 5.625638389683784
44.428492735342665 0.14846143811400575 0.011989430162930408 0.9136360503587126
76.10994617431074 0.08916718713996034 0.011988012979553727 2.128712614456691e-09
25.30648762905168 0.053196452250645634 0.034243144107019105 3.380337455076217
13.879989566598422 0.07117553367027465 0.017925811359448054 0.4123913854157853
38.384564860294276 0.08792313607698916 0.0031430038985756316 2.8225116321106554
18.549169136955488 0.06938343514255393 0.006104449574213787 4.152596418994432
224.81230765375955 0.2689872807735457 0.015799493236968776 1.7171545188768933
97.7207893590781 0.2649391864135117 0.004383896062691863 2.308906577449129
9.459733604652781 0.04636220963284889 0.012993410183461214 2.206773684668081
93.29155306236905 0.19734362995199312 0.004589799453380806 1.004923031258094e-09
24.269210014338924 0.08358146180650067 0.002410051958732306 5.321212256452023
54.647171555807404 0.09524949951276591 0.031459417705333746 3.535127547807296
12.519921675507659 0.056024173122367696 0.011653397332483977 3.782205272696204
42.42327536313311 0.08702830972022012 0.023626071174938666 1.9981934188009263
6.198891872127795 0.04313576461459988 0.01059805888171222 0.22580645242392178
44.641666020683424 0.27732232910885013 0.0031509004134110128 2.9085287608870387
4.982085651785537 0.06358098721991468 0.010114337296611613 0.6397255073156509
4.48548832269798 0.03459098870819576 0.004911999215627327 0.43618375664939085
16.15757763113975 0.058545141371872673 0.006643486250175178 1.7509275281017
28.350770511522267 0.0712566555389733 0.013156330858546068 5.133925336310546
366.3169175735033 0.22725347282086122 0.008827903868493818 4.151438765462482
129.56351449033457 0.3372371363024786 0.0021880137257694575 5.733433884833409
377.2958352614038 0.351491889150971 0.004997263786600229 6.069264858196895
284.4497191175269 0.40766948956403365 0.0030370658269744948 2.6842210837994185
21.51016568775192 0.0696488459266582 0.012951960307989601 1.2652144420398393e-10
7.669266867850827 0.033183505885528895 0.023948063932151882 0.03231683750151223
13.665750273018146 0.07339287519655242 0.01143874832584078 3.0639184758944555
19.961131369306464 0.07150946059524708 0.004941257279159853 1.4910143864742984
48.71426293855933 0.1354917651496494 0.021145540541595752 2.908243918850725
43.832545652989545 0.10766233045211317 0.007782057064716023 1.642810963332145
6.135523533052652 0.05915994424770681 0.003886829937765167 1.582240056467834
15.120378149451195 0.06035133351244189 0.003309624764244353 2.890803821128058
360.40678705526545 0.215103785701806 0.016732440908066075 3.33810511118538
13.463852380249703 0.048746020348477276 0.005800264106318056 2.7525559218788898
23.765775309557725 0.0555475302540953 0.011794967356949683 1.7359689259408857
51.460347720316804 0.1579752822528447 0.004042094741030377 0.1856163395685434
26.23764768592403 0.06444834095948866 0.015580824268405782 0.08583953256406283
14.05205593670016 0.05972467817928492 0.004078083823233609 3.933164282536423
11.566573092563083 0.05377452108491213 0.0035589043733093985 4.43857053762693
86.18439972322368 0.10298644840221498 0.02487580249997153 2.344632008551807
6.12639392432645 0.10919882888247083 0.003622357146492313 0.37874557853286417
35.72302600316695 0.05956827038484184 0.0070039781348956755 2.2829913657938676
238.00394066848577 0.19002966545619115 0.008663504677631013 4.509405953331472
21.400922924161716 0.06648331035853121 0.0020148115313362476 6.018104580029293
153.06537312896057 0.23154357896557637 0.00498765226947548 1.7737672060140455
5.641644694655985 0.039683752480876994 0.002624425182918417 3.3322647828505576
13.100584627499384 0.0492593050386581 0.011659000534859526 1.558695508711933
56.914705593476235 0.18336796554003448 0.011283423256243824 4.507660641875706
54.55361238928962 0.08489239393758606 0.004549702253544902 3.721256074833033
244.09232207183578 0.2565029959714091 0.009760128688435824 4.866310638228019
6.122459016925438 0.03719696376230175 0.005463578809195012 4.948181665906014
13.077786310846404 0.09836304669976727 0.0032542721886541924 0.11211955784208731
123.8856075765893 0.2945836741973888 0.0036591795800980692 1.1417925439748058
121.65996175863684 0.11867950553146175 0.007670807195521627 3.1655119745586955
12.207418452165417 0.049427087801877934 0.004354981209118672 0.7459174934433811
21.088705962519676 0.08967815907296312 0.00860479599518201 4.361800442470388
28.143545733915886 0.08462272205872365 0.01715826345744515 4.409913413112806
18.73684784508461 0.057587280520839786 0.009555644960195802 3.4206195298658018
47.973123345825805 0.13893392594436743 0.0018372838812701438 5.5568884516785895
350.41882975312325 0.3711992626632521 0.002550411665547539 0.016237548597069117
11.83879704694571 0.06083380775958973 0.009570986226204323 2.059096462637841e-11
14.299776755263396 0.06274139682197838 0.01694247678479915 1.3272496010981556
27.394339616882004 0.0627890257763513 0.02031117471856882 0.8293507249096261
22.76325667815529 0.06951325549019927 0.009732984858405106 0.6021796482684153
101.48561852746018 0.12423718666198041 0.0027467091485555307 3.081707168611863
521.115005855977 0.2904309510937098 0.018026299804022525 3.5654178003601165
318.954063912955 0.28195068017058245 0.006881247660224673 1.913021352748973
251.2853350282118 0.2126053766975455 0.009717160916361958 1.4093206549772848
494.0500926772591 0.6916036365954544 0.005058515636480966 4.462301760732454
82.45301653700545 0.11720284998585537 0.002243751937022816 0.0787416638086632
33.44389649834808 0.07678340255463613 0.007258543739910277 6.046118695897081e-09
30.0819049658834 0.09300369473323163 0.00531325905305841 1.1314528066651568e-11
42.880009111257344 0.3051909931614011 0.003989629013123458 2.0765524622894476
180.89752491799956 0.193502417939742 0.0047600148607398265 3.608269839469246
160.56172320476327 0.5394132347402512 0.00766807600259042 3.1963070951439208
259.297212653591 0.5278289941326517 0.0036313865037716597 1.9131315371384758
201.3885400751197 0.32271386259346924 0.004610421216425612 3.8104922603178215
62.70039656127802 0.1485118936087697 0.004126624663495783 0.9743237862543213
135.13059694766412 0.28927119919636946 0.002994023378987478 5.313891244073782
15.285655366924564 0.06251382631182963 0.011127955525758466 0.08681351569570021
95.6191099414921 0.13678876558080977 0.016168656267500605 2.787744338406091
4.260720040581032 0.050928205854513776 0.00315044719813845 2.308901503764022
5.430263422737161 0.04051972988432961 0.01750130216946972 5.925962884217029
291.6746022819207 0.1899398814355859 0.0028398358173965326 1.1930595695188144e-10
3.793250240956895 0.030063682465655304 0.003099740292688836 4.540189155495726
11.148515584071351 0.0705949660374882 0.006771115297426619 1.4028476529782166
28.46024949772472 0.06179295562438599 0.00999066705826725 2.2364697705967735
274.08066693807314 0.23613178572354487 0.015317370863671752 1.343202012205194
13.299498757035941 0.05736915721004205 0.011173817257854282 2.532221597241489
90.8036507333609 0.17050980373735655 0.005227320351144271 5.915984710228727
7.902453117159463 0.03217096546897078 0.020583690571004884 4.272517510177021
8.627288786470746 0.035401028864891784 0.014943352990044447 3.251803192741137
7.227836704458669 0.03309730184053687 0.004922842084874803 2.3507636461662895
481.6831737955156 0.28788441064123443 0.006987833653660763 1.3282152809297874
22.962361482936473 0.08003226391440475 0.006598882682346993 8.475382485206373e-11
564.7572896761562 0.24588481038520427 0.010014817988677845 2.3714924754972797
28.217778681517593 0.1051627028930052 0.006717337722246369 5.8292667899740005
463.4334399063448 0.23943330963283718 0.014081936236245787 3.4589300754024643
499.64903329127566 0.3806078204286289 0.012165859419743288 5.48762362362017
130.60839434786246 0.21943554724523182 0.003937218729385894 4.2254385802645245e-13
6.568705971743756 0.07955524759967492 0.004609866650289123 1.6736623380746176
6.446333063384391 0.025488974133142488 0.019891140447547532 2.5122952219874786
139.7742065293396 0.2680062329666405 0.0031294567064841083 0.892209514975799
453.0806965057091 0.3681049155509965 0.005703355971041201 0.14374109167628019
26.6131711118951 0.09385202950890396 0.005195735485340274 4.591695915536449
3.533237272200809 0.027438824912951562 0.002446628167782922 2.159547159881071
48.00280372573287 0.14850309027360326 0.0035552488028521433 0.6795684614633833
117.27614515875587 0.11558196512209726 0.03430737787103033 2.9088629393387144
8.528489176052991 0.06032546128661467 0.010258471305717807 2.8653658896274727
93.77443569824565 0.16883087923452625 0.0038610244971610773 0.26913683246611053
50.2882491755581 0.10966422918337815 0.012877202543296759 4.767207763489141e-15
858.7146643406045 0.5285380242044317 0.004732808233873793 2.2662593429370985
195.31359684513953 0.21171688790910503 0.005297280156104019 2.109730440845654
429.5938248065265 0.324026636005688 0.01621059967872139 2.082485331519402
104.30086257990327 0.15620578739835872 0.01485218593223907 1.771602619295506
446.5906216944986 0.31032061931844707 0.00980788900290896 0.818950938490388
30.953093165095726 0.10056270077170582 0.0024190164688389975 2.176221444812578
13.204230728175027 0.075052859899697 0.013935647665263553 2.3060046502948013
168.3781069442004 0.15080298647658774 0.005291490027263787 2.5320703572206735
22.904208981737398 0.07274781463879783 0.015251589735039966 2.110438575266745
199.38405261793656 0.18199740978543558 0.002304943771617645 5.158976648036231
42.1802866889899 0.13134477241937825 0.00517156150115614 6.032966592793733
5.621516438399217 0.03362486906759459 0.01460916001613384 3.095424572714041
217.86183897960038 0.3952967511391666 0.003917148247553224 2.761740790509402
12.165995117107245 0.0680192554910867 0.0038954578163623477 2.3362999709900043
95.271397140092 0.14842519924293243 0.009638281538618999 2.787211454174284
440.2816108935319 0.29500678858473345 0.011443950756575465 3.3679731237216113
23.700705971360705 0.1326775686647275 0.008910746054917719 3.3124736733636546e-12
6.6919362827173385 0.08247256797026063 0.007023084194563166 2.3913612005874523
30.51096125634603 0.08009378810626835 0.007308905205415637 5.752854674092418
14.115139904395653 0.08145393038153965 0.0060807587165618935 1.7726163259851224
71.5147182579476 0.14003264713440938 0.0022371220143190228 4.275557094577749
60.100382215084494 0.14820642363338782 0.012894659918307082 4.1148808126512064e-12
13.935052564673212 0.044551397092126195 0.010133903358094184 0.9339887437196029
9.525638860701008 0.07434095792994234 0.003937952852406442 4.103587021925796
88.04831645532596 0.19151338548683922 0.0030191633913201734 2.3946011618179317
141.78907252797907 0.24672073705471276 0.004621121667571831 4.215854766463648
40.8115377702814 0.10904268767086343 0.007903936370519553 2.251454159128616
35.998757374377284 0.1237590603813828 0.0053691203439596834 5.201746769983487
86.92233962428612 0.1358432303413515 0.018552187877093056 0.3538725685261911
42.25075522050179 0.11607902070008645 0.0056149761939042146 3.1442770820219215
100.13658718327812 0.13267125249072326 0.009284751211340864 5.457430219796442
186.87968354720937 0.25846543783238873 0.0024496650425262704 1.220742563795728e-12
8.427697470756556 0.06969591534168341 0.0064156612186715345 4.625537265714117
155.68578443845655 0.13764931482141146 0.0069653467700645805 1.9504800465169552
91.44995162411084 0.20005663008159516 0.0026078965372487157 6.229146768348944
133.7917120370587 0.12711097640503025 0.008972607658916644 5.919157133659119
284.55671553443443 0.6134710691335777 0.002806205943403014 0.02840849707426396
11.116130525858706 0.03458993182221714 0.004514247368596898 0.589687377973192
6.7999351140991235 0.036836996749753007 0.01046898310315266 2.1458113245865813
13.239171973015278 0.04599290661128443 0.002044870296027553 3.6630695451044626
610.3715907128534 0.4170622263687686 0.02578632560551495 1.244613801838487
16.87581418882055 0.07348093469987316 0.0027250488972334207 1.4103759252503267e-10
125.47059006471271 0.25871864922398075 0.004690998608817413 1.56960340710363
4.554676104330168 0.043108985803048165 0.01817687064552386 5.32512785084062
13.516879114974714 0.09912794910684089 0.0022190452344777456 2.7379777780556376
13.433171752083348 0.06539848417334171 0.007396731496578474 1.4705544575541598
45.43590728278681 0.086522133036716 0.020680645580074864 4.349146683237602
20.81915803234381 0.0947458680015364 0.004391533269063675 5.427280363833103
31.117612629044785 0.10978173500198746 0.002820283808879323 1.9033963769672453
32.21472634546471 0.1079309733793432 0.00756665367614567 2.9190856647551273
166.40320512254155 0.22336015629908926 0.008227337386531216 0.9629040121359963
64.52544110084565 0.0839917953047688 0.04582169460139394 4.302618467459323
277.9649188452928 0.4459414706104066 0.00479576208902234 2.9914276920233798
17.03020115343433 0.07466194634456455 0.0039951989557225195 4.024557211870488
5.462165135873113 0.04700230873142184 0.008740092127044644 5.875728184459575
88.2823425016046 0.1498026341400694 0.0228405577763331 2.6982568593370444
105.18333471968772 0.198762345030987 0.0025632818027936277 5.708516913782936e-10
157.0679509363202 0.2499640300426884 0.010823036792123741 4.309348856739366
14.616804568557757 0.05713974161219118 0.017006085411390735 3.0453824994717102
214.1957190611007 0.16754121811284117 0.019531153085980347 1.2004158466336137
20.29009137104191 0.11558073764844999 0.002626926962622999 3.728011341082811
154.9345995242284 0.2967262158791684 0.006433510245595469 2.8332684552778766
156.737940275667 0.25721074301454316 0.0029953896326276423 1.7738138221691053
495.262289542682 0.30169852943783065 0.014697412332759134 6.073255946038573
82.72235125629717 0.16723959636010965 0.01808071690367444 3.5071202940192996
30.929928479211213 0.09948619562716958 0.007281782647047605 3.1666210957755334
6.020459237025348 0.09123455713183581 0.004302600220283902 4.924526920832225
75.23332778150358 0.2015525599921344 0.005495720546767486 2.7229898912055974
8.552206849543158 0.07169103351468842 0.0074062808182295105 1.7490409619363002e-11
13.728671445636293 0.06159929971398081 0.004589047921876305 2.7986948215082843
111.5232547420384 0.20358684135265487 0.021801790503033876 1.7960132311355528
52.32028243669061 0.13566383852107372 0.004466835491587725 4.460322063543532
49.234800798750456 0.11043228223614467 0.0023072597320141315 0.49362598715010736
243.68605613608446 0.36627596317586386 0.0053481631837154955 1.977128374329382
40.985760517659784 0.0874231042619093 0.00176622104670815 2.383399621311135
175.90763398644307 0.23621669080907653 0.005101918223895789 5.2862911858519865
21.73376987534418 0.06953268968939261 0.009571272005514747 1.416036946708773
15.396552055395933 0.09630789010628828 0.002570585167671397 1.1359946724077776
84.9257675691943 0.12361834630145413 0.006966896822127005 2.048073675679995
65.8686741181205 0.1062332432394805 0.005800672109364323 1.2494820343571817
7.173891871680497 0.05936597375741228 0.004516699117855906 3.866308932588704
7.217929232250669 0.03353692305369371 0.0095095273531269 1.3817764949807105
74.56357707327658 0.12869631122474745 0.004585409331741667 4.1071067453891645
8.714046880371683 0.09253156615571287 0.0033474764969357966 2.9727856177335394
13.198608017931674 0.04520726849765547 0.029020249314694994 3.516109938561202
87.58759554952353 0.20527456353807202 0.007901424910661462 4.381975412781352e-16
4.070477951847359 0.05200711046141526 0.0018694911427295216 1.6434439753891086
144.72190642579096 0.16641447710245225 0.01628553498928527 3.0188731988980417
9.983406079889741 0.04728436218881808 0.03483780851205633 3.0018698986776604
148.4539939979497 0.5009535574465638 0.00394988283351807 5.594376076239003
71.94131737756392 0.1426814107112191 0.008120271481870346 1.3899003901791858
31.182707622605935 0.10319317242969553 0.006598059303760757 1.300818227173066
8.193433697646016 0.029300824672449263 0.003193067088616029 8.357435279882164e-10
20.399205379136816 0.062196570680199605 0.0018335990141346106 3.934668829469768e-11
7.0758257292697415 0.03112635199308922 0.026805229700047735 0.9039995293179959
16.493616567338567 0.06442372080951175 0.006920257364430498 1.5485526801268386
49.20210200354037 0.08946390466876557 0.008705835167440083 5.8760465520482725
11.505197425608673 0.05399845567178986 0.004279515491272079 4.2520318745010505e-15
8.750753915027184 0.03772899996263237 0.011633544644953024 0.11781939766148294
97.77694920806394 0.10130401517101179 0.006578882633495271 5.661237371382113
6.538563826631382 0.06003483404343189 0.005156917954221387 5.435179514826174
501.65543264054674 0.29153778323119434 0.01145792176851054 2.173889148042457
333.92732940316125 0.2154751244716964 0.006145113015110556 3.411791878036121
12.960749730393534 0.063456097469248 0.004117950440675427 3.039689369142226
133.07166956874454 0.2402274699349421 0.0020465811678722417 5.908384193673653
23.565706799670387 0.0493363315147336 0.019004577663459483 1.4530518243889144e-09
80.81188686021645 0.12175929341548378 0.015877869645841536 5.5722815554232366
7.205327748991954 0.05168772225376425 0.002007839869660043 2.1380673688817105
29.8542043791721 0.09768087541955152 0.003377671199885421 3.1088548989863303
30.223725578417366 0.23439397284264885 0.002999495312530333 2.0147580492837234
313.15524425884394 0.2577322186071854 0.012538868434780314 5.19502025267817
304.5285607598856 0.3392407031697236 0.0027144065447544437 2.744499012956407
4.704555901462491 0.0313261652767595 0.003036547547840843 3.484982986934575
27.79781100447848 0.08131103991805462 0.006857511333969914 0.8776215447321887
121.39602870427704 0.14911850659629397 0.002220077383185151 0.3162699501432937
431.5515880985229 0.37337384111029487 0.01318105731342175 3.999311772290194
57.43326551606369 0.0881070064479579 0.0055185969403197315 3.282287135306795
34.3189806429579 0.08846095026515001 0.008130184136814501 2.177782762712925
87.18560201668143 0.2365962069955192 0.002105347400282507 2.209597361230591
18.970490006056487 0.09514448227200306 0.009223752186946823 2.960719892496444
268.4385595276374 0.5613465758196948 0.003057374538904328 2.18918807805261
5.823216842621109 0.02762788343650798 0.015316348079705026 6.186827574657352
35.47070615270325 0.11133498822312742 0.0023923851476197397 6.24904253300096
23.914479562312255 0.0862084329579966 0.005406298208816631 1.1768134487730186
527.3734304971601 0.43649985242327477 0.004624247306196082 6.098528567526331
200.13887375733307 0.30619442252253315 0.007233475056377644 2.5696102425803122
47.59714127963523 0.07516489574649478 0.010874291892494736 3.227159859339714
686.485846901996 0.28607069843546135 0.002580820598366163 1.8045686393325426
268.7385194394077 0.39751678737962587 0.006112044141083248 3.75656288589873
5.660077393138055 0.0695709525672991 0.009943527943012035 2.7178636230063647e-14
62.35106549448779 0.1151018310090288 0.009589655159094265 4.051714952142209e-11
5.141906118396382 0.03561786725411436 0.006621703875991226 4.781004999048615
51.30912323384496 0.06599474795804079 0.0049202366927693615 0.9039627522158107
723.113221315082 0.37309253441689294 0.0170248175253073 5.341674368093637
27.413104128416798 0.07871010556795081 0.011036591199343982 1.1130669523952248
33.928020062872214 0.07274173745301513 0.005339872575134104 9.330136110109856e-12
61.32460469048744 0.14147342778080352 0.005341315756934956 4.434845479076294
417.76307036570927 0.27249593085081586 0.0028529713764091583 4.699596250124424e-15
438.7373278185197 0.44973656481311264 0.003282674622862833 2.8069705177053454
79.50193033911174 0.08918764758397396 0.021406358572535335 2.1428861584902936
809.1549090743412 0.2593809114252158 0.03484855464573423 3.619659292019608
36.978759806060644 0.10811872823755755 0.01122169964188569 4.022229332889676
12.297390374043959 0.0849756788011256 0.0033731122870296203 2.7274951673376524
65.66647423802763 0.3544303526442032 0.0030584645848170788 0.33869088629578786
90.419481263762 0.0935147876658983 0.011254245969971577 3.1953254211670625
239.5521537471233 0.264768581571233 0.01657760783502395 5.600585456361961
16.265466859827967 0.040590007011069205 0.007499520703447806 3.3405830574439617
157.10968223969778 0.18458247206452283 0.01207115503836586 3.374406069216565
78.84843699302743 0.3050741651267284 0.0030123907619599745 3.891337681057682
39.345135779260964 0.1405191236399832 0.003094771392970834 1.7532191343187762
24.51991858982413 0.08006500998884214 0.0030390335711233986 3.178466722352982
18.202588054388492 0.0660604420165427 0.004369357014741491 4.578072303777937e-12
378.02070069510734 0.22510121563292973 0.005662211215385109 1.693321943656352
8.934185396381471 0.09607482451647403 0.002853269516920619 5.555782571513716
3.057995995688261 0.017677022418872795 0.011726024092738123 5.567804062752589
27.221748714103786 0.1187678581979721 0.006363181802655007 3.5330966608577934
11.054505982066734 0.04291551825776294 0.003246992030441905 1.8626637496823314e-09
138.5131312583642 0.10802243542387799 0.020601850666474304 0.2539936722563511
14.706407749239206 0.04316968709015831 0.01925265520887565 3.3887973731579595
41.279035936995655 0.09078105813369299 0.006372665371068998 2.7629925824091437
48.0366417862383 0.10555673408025197 0.004344840405141653 5.604785949830264
18.1035620046318 0.08659132651996868 0.006475492480552604 0.10467354380235226
410.8287825322662 0.34691759629253877 0.009791025343308267 4.315834877137727
47.21480534445444 0.07961993804546821 0.010130876305117024 5.988243696536562e-11
126.06320857662922 0.1730290285144787 0.008468484830186737 1.2444636026669302
26.872248009963624 0.06489339081379059 0.005578303691475853 0.17373946146036143
21.095406927331904 0.05600018178129173 0.002739427326773298 2.7821968861543405
320.39998104457146 0.24843835676461565 0.012583288981837174 2.958375394079885
25.907429812412378 0.2501456950556196 0.003812819527073504 1.794571365855477
20.775071893429867 0.07449420666832113 0.004772199171419351 0.5893832118979616
11.125873728847395 0.03978529592415494 0.0023567077046770858 3.4219155342371484e-10
25.809832218974528 0.05731511599503877 0.008752963231821584 3.666350537687118
13.41121643022792 0.07506983535841164 0.009936819626398417 2.9890271486224878
499.1130252315328 0.4858386486860284 0.0027959256998889774 5.2331029247592165
75.67013626401909 0.16833580763208367 0.00881066808697566 4.378950188080507
175.47838246649778 0.3800097918269751 0.0039084249269242715 4.268359093921952
80.35758057889768 0.17690730703327603 0.007573342352092451 1.9955364737134804
108.88684953820321 0.18430486073352212 0.0028314152216143687 5.886688268243389
21.317511982379294 0.07877122511081969 0.005910729662607379 3.493286956432451
240.8270066294159 0.26229688219938385 0.0063600239983479315 3.3114417935041454
323.9626497221244 0.3577712178869121 0.0018353498376916528 4.433276895745285
93.32934018135326 0.19406130111886277 0.01608211088180909 4.16553092449761
74.61625720975186 0.11408927583132224 0.014590782805483832 4.409413354930441
10.562282629503137 0.09146636199703621 0.0021046533934985946 3.37096666515288
47.71737281123742 0.1801105574276039 0.007130532301663616 2.693746028355423
17.91288327424164 0.05059731835451327 0.005344940142794175 5.667059226289503e-09
250.4488123893502 0.4307387786365009 0.006896372574659757 5.4106708363287925
136.22241773465987 0.2863595434301959 0.003052863087481172 2.9095097403207966
305.624834951466 0.28573100988008154 0.013104344222910597 8.06567887103706e-14
212.79150149148828 0.17826521957007033 0.007748736118140682 0.15449825697458006
7.767934448436033 0.04201391531274238 0.002812098413356952 2.9021678572432186
6.467259776287674 0.027857923366639056 0.016116437096791933 3.319542655536302
17.01846928220825 0.0524259850415715 0.013660126700416532 4.93300530628017
215.68751294819947 0.2448961215768323 0.01236599547090662 2.5074460658247246
79.2807079123968 0.11777760591649199 0.010657886947926288 0.40095352009778223
23.05432286448674 0.08664201840805053 0.0092634748516105 2.9904798938276773
168.05995743349615 0.2644728503358006 0.003831375999511153 1.1737570779128859
44.02120234649236 0.10915911541464536 0.005753798802480653 1.6472088498494004
77.25678150129953 0.16088640433053603 0.00379368317398162 0.029109994675790146
168.02316499120684 0.17399239326704363 0.010706009032734748 3.7084654192972972
40.07204641587373 0.17079126319270185 0.005601102675918838 6.07596205942224
136.49883068680893 0.2434590855172242 0.007273195308215819 3.7034118598246843
7.267139631140452 0.052931696497195126 0.002172989275844116 0.8764754831707302
386.0256375009226 0.5205424327924166 0.008980537750148511 4.87384379433331
146.41615628598805 0.2993737470907177 0.0022966851389739753 2.1132636469630386
3.9200688708757063 0.0305520598480546 0.006462362320648308 3.421967671835875
208.4829716486398 0.18024003652668075 0.004720099605239146 0.4579225227293563
9.197884378486677 0.044967640508909806 0.015837998954878477 5.509583247617786
15.898066597934708 0.0785405623748894 0.003046424420376046 4.836306039429242
187.04220189095784 0.44483314055257295 0.002801546912657391 3.135877577289344
28.565239530523296 0.10151167774294331 0.0064417554597910685 3.30395756130239
298.0889450308083 0.26640784998830164 0.0042492206217082835 1.7916199511255277e-16
3.7983688062121326 0.051478370541347594 0.0034794284530685797 5.974438496369358
10.236452997382615 0.03712094373777382 0.008420246108745357 5.032923565603669e-12
250.22284443427068 0.22043965448095434 0.027544220508549953 3.0322684075707658
183.67181183908787 0.17477310788927847 0.017359467409599174 4.687175056628051
281.0184897309759 0.34301571903727623 0.01306062692697991 3.6791114084282293
5.890432408427866 0.07173638185501287 0.005425509803744821 2.4679773888439502
111.82714358748977 0.1572155962659105 0.0069161605897254475 2.7353211182599404
287.38866522342335 0.22433885775540202 0.004082844226072863 1.5644316417337545e-15
59.904753624086695 0.1730986023007576 0.0036256942640126117 0.5162568590278931
7.008110407598076 0.030821250950797213 0.002749781884949347 2.4436081870113235
168.6385196126988 0.15972460994434107 0.015461823198042974 0.5411070777159522
39.59460718909227 0.10650904581016342 0.017779403849769414 2.344755382502929
119.98072203478837 0.122552313880844 0.005626651833846056 2.1966165947914957e-11
195.91357668032552 0.42727279837111654 0.002428834906586994 5.522936295301151
13.586276070498267 0.08117256201632271 0.004585474063467729 0.33172039355055477
173.39184505625778 0.21347271389583322 0.004133727312162388 4.092274170841573e-10
268.66909414387044 0.2899155542126528 0.00451780390884681 4.1798269420411565
21.539720897226253 0.09326024523243144 0.005388157395963574 1.0173633752215936e-08
204.35562591044905 0.24755965608619915 0.008419404757951584 2.364485321315545e-12
20.59980665962925 0.056629102437323574 0.015841819937571066 5.096811120218916
122.54214404285665 0.20257843387623453 0.004388986159900558 1.483221993595167
237.1450113018717 0.17491984909018507 0.01238182455138023 2.1425358561756997
19.30003191436131 0.09401792228652235 0.002869680390923247 0.6860537483384124
155.91226518775426 0.15772239210274416 0.0030646903779366456 3.505404135828597
106.38547297074719 0.15812417351173205 0.007704813201221338 4.439987655268312
79.08364368281299 0.11673391397358855 0.008647019240757482 5.149557585565922
277.83067543603306 0.17659956607036184 0.00319330684121754 5.491783114661469
56.519412785727894 0.16374774028263242 0.0049159074662941254 1.0687961945006732
14.275007497758459 0.0543271769330745 0.004768606113467873 4.685848325958015e-11
175.0356984941272 0.46503936723586814 0.0029967454135387496 2.959830092664783
12.675919249659193 0.06766986362934632 0.0036215766910098145 9.308872135881181e-11
43.44989630569681 0.16600010453281003 0.002277196769459007 3.0286079691463517
364.5579270787986 0.26325359007023147 0.012395075752794872 3.7376702121143457
273.04505521723814 0.19693793091573367 0.012011549906485482 4.9720004820289265
6.31348580596004 0.045951912883194265 0.002248720230773011 1.0761405807815996
81.04111009370935 0.10341033076733867 0.01713461138172753 5.285748966474697
74.01420079983222 0.10406133259546209 0.017792063523136087 3.5471697384615704
20.898113717217957 0.05291934971001984 0.009339723125429465 6.113016977153166
191.2945977318725 0.3826831103947769 0.002548019425360553 0.8218546597145288
8.713723638768027 0.03446764842197995 0.004241671691365744 2.9277828959870995e-14
68.25291817726935 0.09784064088244997 0.01854280163110023 5.043187643333016
19.588586829164058 0.06472290096640289 0.00508249066161968 5.185351926346487
103.7965825323901 0.22241403597670326 0.003598430238331053 2.014691962587766e-13
46.73252341633173 0.11783832868475844 0.0037513155283463726 0.30530917592374796
153.34868141576686 0.30787390654731817 0.0037278541497865175 4.235301039874761
9.130850738952626 0.04926442599367977 0.0074407044586045825 2.580503428229485
169.49171688147055 0.1674143705751258 0.005528212642716978 5.627877339101619
13.498985573092778 0.0679767564811777 0.0031041544294298173 0.260555515718056
8.295158729682147 0.0759506228577127 0.002873714130120523 2.4885387965813646
32.44336896705085 0.07827291193493931 0.01044360322489124 0.5406028576211438
57.47272584481489 0.10706777180130717 0.030781613886846134 7.082722372225563e-11
103.64797888030827 0.23006668607674433 0.002113200580705983 1.1556396749506506
8.86699269713482 0.047718180855167366 0.0041218851435955725 1.937074053375256
343.2810730497152 0.31007117630962633 0.010196548275541338 2.3793893127348524
8.353993702394655 0.038706886605055606 0.006261751175062238 1.6576286328550345
103.26845835733725 0.16455401400711653 0.002053065256341552 2.699810156393166
10.640596168366207 0.04711449444174469 0.009667084060477175 2.7742094931634482
541.9838833183596 0.26572716448202305 0.009700448440527186 2.7233827612534705
65.83251925478407 0.08334254213719275 0.01932952444013605 2.916115659842363
167.3870024868871 0.24625903457423903 0.002724764690588165 2.0255415111175896
24.00032505970016 0.08484394987552203 0.0023704129381203736 0.8292379798251064
246.67661932626632 0.1873125955273128 0.013142517493767733 2.7883376575634857
4.652775318421143 0.034134142476318824 0.019320369866767016 2.956695992490546
131.23650134850828 0.23871424852115364 0.00691077580989744 5.708175836168133
194.65232140746446 0.21135030530912707 0.016011841069812568 2.2695416535065447
18.377630600123123 0.110220194765049 0.00285265610281347 5.20263805502566
12.690732721477323 0.06488463675214462 0.0020341956585307143 1.5188619909411107e-10
20.03939288821162 0.050551461242023865 0.003594538479952548 0.0705234376133626
165.92398847487107 0.33070328614027406 0.005629983880405667 2.562598146451207
6.677469191888175 0.06974776005506228 0.0029266622040263622 0.31734605785034026
12.53601898450667 0.05329241094137691 0.002267799683948544 4.0424322722276065
39.76970827248684 0.08948325817190982 0.0027285352265200313 2.3895204341434366e-11
13.657174812990897 0.06996722630845699 0.014155799554067526 2.1462971360942715
91.12021948124271 0.1632009201451548 0.03331857075564158 1.7863604647637237
29.658998371526806 0.08914901707743282 0.0022246309310775137 2.8474131037291013
146.69645251354262 0.14607998636003364 0.005274653932961511 3.118463524059317
39.088756802546236 0.10142688921122539 0.0036207656902258155 2.1637255870183263
91.22053247114995 0.16337157381019327 0.008834711009242609 1.9802636819059432
15.529266902632537 0.06541975846599869 0.019114774986431275 3.558048073903233
200.34026390250028 0.18010353970502715 0.007534526596454357 3.679469622364316
8.367640021314836 0.030903056989743556 0.00870831715296112 3.2415667508724924
68.84058811742806 0.11513950967733196 0.010076635473215027 6.150831214973774
116.23742997412748 0.19053401421041477 0.004799887570896074 2.3917699860218637
74.37765758194567 0.10852496832604444 0.02108994103964192 1.4251394477700812
17.85925647988064 0.06650186101826895 0.0028383916805385812 3.4288624140916277
7.79956009333447 0.0342453577973418 0.014152230442013872 2.622934668785726
236.89442175982754 0.4119149871014253 0.004309062419097859 2.1412534651977944
6.778198545393544 0.0537172515507404 0.01760300521717993 0.9417719399982991
13.036682090178658 0.057714794879145534 0.0038691756497411366 3.179269752364762
15.448399708482434 0.05399079497389412 0.009174200322210392 8.937388833359922e-13
186.11253407994315 0.18981515912310373 0.0182251926186893 2.236574239147963
65.24458861203001 0.1311464282040031 0.002865046498625772 0.7507659819528703
145.94772973222953 0.21106547082837954 0.01991776023025051 2.5578850128491353
208.05124405101685 0.13718223318146153 0.015327254781782648 9.876713715169082e-14
12.085136933733859 0.04882266100714618 0.019533561658786048 2.5650061974586493
16.332609287614183 0.07631099685341428 0.011377489932172644 2.6457398002156247
55.37731060568137 0.11986016701563548 0.005918441618915579 1.2928788978914816
208.69113602301988 0.24723582868954713 0.002806584423258483 2.2270747083579674
796.1786146208651 0.38927120114211067 0.005973352054458689 1.719575319979348
583.7603475833185 0.402017296791471 0.0023044051346044 5.683612746232117
29.557322179948613 0.10653475598320239 0.008597405400467462 4.32702547351352
17.255697082600637 0.06346767782212447 0.008111931514676266 3.393725069513586
8.476159332392625 0.04757904084266643 0.006927345965580186 2.1378785775915183
239.03889069096712 0.4159262720390601 0.0033122049561497046 2.7824607187727065e-15
51.13860830112876 0.14208894852817525 0.0033242138668234376 0.5818909607673531
19.68310981330728 0.14089740403005696 0.002424178578480666 0.6014164627035877
21.376427226110078 0.07037395854463988 0.0030626023144983347 2.3501120647211327
11.014317274984363 0.05546249261937429 0.004627299308658765 2.577490726133084
33.57728509573871 0.13701792378639174 0.0023029250416845112 2.9706863117961073
43.95938297117868 0.10872428617819706 0.010787516107891502 0.3148656443172704
28.636656111166452 0.0647229769980999 0.001982960479048735 2.1279823023049755
122.78017206864934 0.20213802666419584 0.007234645366322018 4.064923573305629
132.65846906278088 0.16559399349716086 0.005566057009226462 2.6440872935885227
523.688194744613 0.2805881220649862 0.005093210780702918 2.771874901082074
66.66775206039628 0.21779451653757975 0.0029961300884040155 2.800301971435804
9.539597093421165 0.043865696080452446 0.011039795195807878 0.3261855348595079
11.458156899296547 0.08800423644897047 0.007057513248484171 0.23934995444883098
8.312982618482808 0.0700137894317775 0.0036242794455302943 4.09304465637206
45.4149961199952 0.11644215236503913 0.0027908748147612216 2.785835172169237
14.590022141076803 0.06554510250650927 0.01079070734476456 1.3278085944584375
199.48709813345937 0.43771661265708 0.010780676566596575 0.7407133598435628
26.988794182069313 0.06696533080807827 0.007675268860378603 1.2493708263349794
21.380137522947624 0.18672731045536745 0.003869619775161748 3.3073862086632877
3.459550502436864 0.0228691285411634 0.0026744433114843907 1.4480667747549882
91.46007921236863 0.1449996837635041 0.007024317518038735 3.829607855617783
711.6526094040814 0.33923536082049455 0.001794375106149542 5.304171346925992
26.984908215937775 0.10171883008635799 0.008870404029849586 4.884316024683933
93.21903930396086 0.1738787369458135 0.004668748590209892 3.3212922037286243
57.9875966913292 0.1250646494269133 0.0028308645092506276 5.438679397401962
107.95704537275451 0.18648459618093918 0.006177372933816251 4.024880205155063
9.832938727223027 0.09565961560447989 0.002996180093830174 2.86102159346775
80.19608239490391 0.2755732852151929 0.0030082412526086723 5.013029130908493
8.244517356964183 0.03794375142776115 0.006157599128680601 1.7548214725990028
169.41623483169144 0.20498427227022054 0.002859544962446881 2.4894874894934866
169.21452493704453 0.2615702010757126 0.005589498862041356 3.3546029643027517
344.5144934399264 0.2937301138682188 0.027537801854188703 3.8247695433762328
22.142690677453537 0.05815868797471822 0.017547548839860903 1.4925922307282404
204.83176735022076 0.4631809138144463 0.00568249346860783 0.11554821352349
249.5035025143217 0.1839092667168165 0.003718227973190516 0.23127535420926656
180.56641827956773 0.17962967430569576 0.015012640416819142 1.800843010153794
123.00913711765573 0.26192711117029766 0.004520401497564319 2.874217004946002
41.93457422899765 0.15312605451098402 0.007217524621599178 5.1564056038518835
80.44511754012103 0.10247483509655048 0.007928067354292778 3.135594617439085
8.779754557233415 0.06802835841139995 0.011877779980173574 3.336431317063342
60.00616035851633 0.13093280190612455 0.018158788169266648 3.534572403623472
55.1240929491599 0.14116465202981676 0.006119190016826725 5.553853626346193
366.83343818112803 0.3319247361946464 0.0027705885766478497 1.667933989139192
16.665182730281757 0.058525227290841954 0.01801701167465198 2.260428053287843e-10
59.326329003106665 0.14384240238507 0.003978405384326458 5.831571674051554
24.194871138711974 0.10630177319038063 0.009956468500823412 2.8774769174277868
15.162032020158193 0.05609115272690153 0.001983263275314994 3.0568081977543247
42.40612679776828 0.07604556993635589 0.00750022395835994 3.0786586789651555
171.11303309637432 0.3793807198362068 0.013416822962210282 0.15726636193178956
8.147384175130535 0.03771080515559458 0.003957002473719594 0.11652879626834063
84.98475668547762 0.11590536263350702 0.00257667157733926 2.2459639904430326
41.6009823102914 0.11767755450349227 0.006459548289341157 4.467340261953974e-11
5.394378799698127 0.05165835144618181 0.002588477737856417 2.6706542474550363
76.1970631469102 0.08089348216010868 0.004054598185431648 4.2654398515781295
6.571268008458324 0.03822538372070442 0.007638349337159654 6.163014587830499e-12
10.924336875172093 0.050445387012876014 0.008995113564431076 3.7067543725671075
1149.8286492368163 0.389065581658646 0.016356897896679292 2.5129671866343464
47.841610435869846 0.14238272494062756 0.006897058457578094 3.5298915480343163
78.815964590483 0.12371449209762385 0.010211806515073286 5.191202778697053
12.520821460432126 0.058615488456744504 0.0062471645086157445 2.39650000208741
8.339033611660568 0.07013621436248879 0.007437337447737524 2.924135897369719
220.9704633618372 0.2708262636330844 0.030636292464289214 1.1929503845077274
55.403687700154904 0.08091344206913638 0.014379920784806972 7.449207225389262e-11
54.08349986895179 0.16554689861044986 0.004101687701811865 4.015255675366183
37.86998053594705 0.10020771744482784 0.0028718812488531765 3.08274386798069
133.60125690941015 0.300645011355722 0.0022189276066398285 1.4695064602447512
7.645693502279511 0.049174484004028185 0.013098148063210559 3.0875359827308264
114.10367944634238 0.19440928444035108 0.0026462556953680584 5.393177975234288e-13
209.46577677862194 0.6188978500809877 0.0022196297970099583 3.0654257038317074
142.9156359064492 0.25038541147741117 0.0018239488443100185 4.994948206306831
198.10043587347667 0.17109761424494596 0.017939744940916894 2.9343116448859132
107.29009945926288 0.20722604671802541 0.002771382977632531 3.012732579476347
34.463301579086696 0.06458673091593303 0.017643850534705213 1.7949319837061466e-09
900.9735966267084 0.2699492964948076 0.018266244629163937 3.9131419918911052
86.45207498918668 0.2378777061751044 0.008996946893481975 3.972710876095996
72.55533055915049 0.1267431044836811 0.01831605117599691 4.492430956515117
19.366682649479813 0.0744637606788191 0.00910376090335065 4.932696416625834
89.74913578962251 0.18927530818806357 0.007489488930028481 4.5101326144652925
16.02728177107048 0.045937885300566715 0.0228381178800987 1.7426449755873006
75.7092925794925 0.1425916373602604 0.009798564485841389 3.9438399767271792
20.537568013304856 0.0748383878477504 0.010505023518209412 0.5943565360448319
18.073288300345805 0.049784638838255846 0.005584779407729098 2.1285553653173643
339.64994724973525 0.37975602176444917 0.0021503029798699024 6.055206707987068
278.10559550618166 0.1976658327489535 0.017793040552191403 0.6648174852118832
49.468187585867206 0.11571719262386163 0.007290434605246571 3.9832855268024645e-11
11.447206800006247 0.07030778892238 0.002482261403139767 5.530852666343109
134.55278846856893 0.29710167737967963 0.003211119877648626 0.30402131208122846
25.562672668008336 0.07127631535408312 0.012154864966997326 2.916587168982727
81.94866978493704 0.10391660282555773 0.0080862728445633 2.0089596738403235
47.9384570034758 0.10720374986868912 0.014474098483514157 3.1862229134448814
495.62505956168565 0.28822957571121305 0.017194930128332765 1.1844855204944198
7.0660392765131705 0.03132375751554731 0.004718413370584145 7.725042870177345e-13
364.5327599979737 0.3296416304754175 0.0036265200328201644 0.8839066387237245
13.025744727626266 0.07516211872831251 0.0025482735386923978 0.7152922625320169
115.06671439825291 0.14458724831379305 0.010469268106464024 2.0049056025760024
291.80691489210915 0.23839150301841347 0.002029395918745961 2.7898456280184254
53.965161639662355 0.08072226801792143 0.0036557220293228147 2.100174684886223
17.44442360928704 0.054999091634993 0.004342933057679942 0.6437674530610621
7.128440903808543 0.027696841382368383 0.013871621550229696 1.4629046598179243
4.927620964429671 0.044964914197429755 0.008883382714908163 0.493885380020147
7.969293638942948 0.02945926225514294 0.012080859949347707 1.2871092085080067
88.17376523105301 0.11658112536067096 0.03223533417746582 2.9748898171273397
418.3520405730273 0.2766356020068527 0.0022444424342975325 3.1366814382125057
59.105864301771106 0.27628249746456096 0.0028344142813371944 3.971192416031927
184.80546972886668 0.14028965443789806 0.02092601687763832 0.3770223999141735
12.284502382536354 0.05457421500181282 0.014374601844840986 4.804919481456066
159.67012294018068 0.15029441491113163 0.005016346259131521 0.5799033666452742
74.84001302450983 0.21045989899237522 0.007994656620832086 2.1389206798938467
110.94584431338198 0.12254542989736864 0.012803421837758669 2.5710629474607716
318.41118020226367 0.4047330959423862 0.008124257218310036 5.199624800751294
43.63577873940192 0.11092567841360552 0.0031582103598068907 4.0264925173686485
10.149497092236489 0.04655772523826257 0.006483110182375494 2.6381175503707577
16.07756797328314 0.06353330552480256 0.017357865560392274 4.620304413823528
91.2040540429668 0.1266353219523572 0.013698262569627138 1.5045374205489042
109.66533035288975 0.13911706085747738 0.0182675211876791 4.4469133353700645
9.410729464909267 0.09137201575937966 0.003932131587886389 2.579678088336626
179.6968112571405 0.2624813725374537 0.017210868151432104 3.978892709640659
136.44830196550845 0.15028118268393448 0.004524919927302673 1.7504997680077081
24.69683816117341 0.10224300173202197 0.019122393138759148 5.457672057695758
99.35183538632197 0.12715444711767437 0.009985150711541723 2.763186599201208
26.624630493951873 0.09875764103548569 0.005134998857122585 2.068565490147864
4.594492392012347 0.06109205401765439 0.003404412736401999 5.436425759617787
11.349471577148737 0.07242979114406024 0.006239652270666532 4.3457493089948604
97.58704501823911 0.238472843473298 0.006317778953868707 2.197528583769739
32.59888550238908 0.09706439577717722 0.004423348521324439 4.487822515490333
6.829505409858471 0.057054949093058936 0.0027548151699219423 3.152293337992473
28.015622032881932 0.10496707604713573 0.004864145856840651 0.44801954219124
18.69478399828107 0.07577973681016947 0.005779746937228714 2.8989488987438623
12.496838564042914 0.06044524023276319 0.002549145597759456 0.17842002794276118
43.494415771024435 0.189142806467523 0.0029976821759485155 2.09125749347483
35.994048848249356 0.10718696497206126 0.010605246452556777 4.2640067548137655
22.812970165905902 0.09791325836003359 0.008074105268407369 0.6844894386829611
566.2893615423102 0.419663538702407 0.008427899858170928 5.663629497122644
37.70246627746889 0.07640622162666096 0.0045916868509400756 3.7335620068446533
124.7166235086058 0.15907080686768674 0.028561781264566377 3.8688573344036397
107.7682607104738 0.20263073676574186 0.003299510700208141 3.687090681160283
403.1449654471329 0.43369254177053584 0.013749775193914186 0.1973925118011625
131.70007616644395 0.22452374144657614 0.0062632002097886995 3.0458553557001062
179.77821084777045 0.39003360139964105 0.0029860902459208595 3.142020244100339
383.805747816203 0.26110213348596445 0.005053760785594784 0.11276748368836682
91.3790833588013 0.1271323019062624 0.003548837396701933 0.3939116115883975
23.293493360162696 0.08008272797765775 0.01543552622433006 2.8356631776982977
76.57240540976437 0.23165122411586345 0.004300605959739639 5.45510169690296
16.828297162716577 0.08565326551684975 0.0027844274798057285 2.0628938258035205
630.8835189820467 0.3189147442146608 0.017170822363993393 1.7428149662036747
4.323957159549437 0.05209183644186299 0.004608902554279901 0.8693281764348818
10.455140228199022 0.060161585707138795 0.005142001694200259 0.11855572073454525
621.5322970128711 0.33052037431020564 0.013166041173453606 1.9440181631757525
10.084631609744857 0.054785934776416634 0.005177038586100815 0.5986077180343831
291.308632503755 0.303802885872587 0.0025836672745856467 3.2899648989973214
12.80911101821267 0.07531339638800123 0.021888534665719925 1.937019637073998
17.31243872145907 0.043070375483865796 0.016168589091735373 0.33404812671560763
57.50379625206361 0.26217362878920003 0.00855831320031643 0.012205210377628235
254.2460761338242 0.15510407759821324 0.02113861592019419 1.9195736561126835
31.902487145975005 0.08243395154509045 0.007798699066531742 5.702168949603476
491.812009246314 0.3587186449324967 0.00509422197306407 0.01852642623255121
6.056216291527872 0.06522719566821791 0.002826150523756054 4.5376760567464505
64.6164098248765 0.19224846351875788 0.003147391731507787 3.974862530266555
136.48867031937058 0.15391626494865046 0.023735309137265657 6.037800969590212
154.06394217839738 0.13845869170349812 0.00612314506612059 3.6896823255426474
289.10140369221506 0.4446687501723687 0.00574969317558771 0.08145181909229107
123.66018365361968 0.2197901075243952 0.0027554105057979116 1.266022213499992
196.05673501919009 0.4538810700792211 0.0073777883912909134 4.185751669613736
533.4945573335183 0.25123476335143996 0.002701387665118004 1.3464126533368215
32.76950435024112 0.08116897375327413 0.003431595819772235 0.7070541938223233
21.788119297774358 0.08006452656131786 0.0018891513406068682 1.4939096553829191e-10
91.94755075866726 0.13004475335512486 0.0031197342967694878 1.3192204459181802
4.567966419065225 0.07904950301086672 0.0031380114767384677 2.336139124762315
43.55964749834529 0.10004801976478084 0.004668892421359389 2.685435061279494
205.59931920839585 0.3123512340267492 0.00267190437388063 0.009037666294031254
68.25755605530073 0.08606690926871322 0.01726582240526627 2.0235819076904766
22.43061252342185 0.06511839996731353 0.004369434359918735 9.889540487815372e-12
333.01744343555293 0.22198715941688899 0.008238829417793615 4.076928308312396
334.0536709262004 0.29368844444931497 0.008388947623160187 4.023077570920706
37.67415445817662 0.06852968243843183 0.007845029852901024 8.203014221094996e-11
12.161073049451 0.05465830459175225 0.00554710393510777 5.5120631744760145
9.723990497512029 0.04109270222393041 0.002278396340277289 2.3874731040442896
12.78658721840591 0.046534720345295016 0.0045449459361611025 0.16049600392601726
31.92657188538123 0.09585839913474925 0.004183785282084095 3.0058192135082717
